1136091600000000,1376
1136178000000000,1326
1136264400000000,1395
1136350800000000,1634
1136437200000000,1666
1136523600000000,1563
1136610000000000,1316
1136696400000000,1282
1136782800000000,1550
1136869200000000,1733
1136955600000000,1593
1137042000000000,1660
1137128400000000,1617
1137214800000000,1306
1137301200000000,1018
1137387600000000,1197
1137474000000000,1480
1137560400000000,1522
1137646800000000,1638
1137733200000000,1592
1137819600000000,1428
1137906000000000,1189
1137992400000000,1622
1138078800000000,1632
1138165200000000,1619
1138251600000000,1507
1138338000000000,1420
1138424400000000,1299
1138510800000000,1197
1138597200000000,1557
1138683600000000,1417
1138770000000000,1562
1138856400000000,1604
1138942800000000,1536
1139029200000000,1335
1139115600000000,1139
1139202000000000,1528
1139288400000000,1582
1139374800000000,1547
1139461200000000,1495
1139547600000000,1474
1139634000000000,1284
1139720400000000,612
1139806800000000,1093
1139893200000000,1311
1139979600000000,1550
1140066000000000,1636
1140152400000000,1609
1140238800000000,1235
1140325200000000,1065
1140411600000000,1259
1140498000000000,1504
1140584400000000,1500
1140670800000000,1467
1140757200000000,1299
1140843600000000,1230
1140930000000000,1045
1141016400000000,1347
1141102800000000,1460
1141189200000000,1535
1141275600000000,1333
1141362000000000,1427
1141448400000000,1263
1141534800000000,1160
1141621200000000,1535
1141707600000000,1522
1141794000000000,1583
1141880400000000,1563
1141966800000000,1587
1142053200000000,1399
1142139600000000,1174
1142226000000000,1536
1142312400000000,1601
1142398800000000,1660
1142485200000000,1537
1142571600000000,1490
1142658000000000,1305
1142744400000000,1158
1142830800000000,1531
1142917200000000,1621
1143003600000000,1614
1143090000000000,1631
1143176400000000,1507
1143262800000000,1329
1143349200000000,1228
1143435600000000,1628
1143522000000000,1563
1143608400000000,1532
1143694800000000,1517
1143781200000000,1460
1143867600000000,1359
1143954000000000,1232
1144036800000000,1423
1144123200000000,1618
1144209600000000,1614
1144296000000000,1590
1144382400000000,1559
1144468800000000,1301
1144555200000000,1238
1144641600000000,1532
1144728000000000,1574
1144814400000000,1719
1144900800000000,1604
1144987200000000,1412
1145073600000000,1305
1145160000000000,1116
1145246400000000,1499
1145332800000000,1519
1145419200000000,1581
1145505600000000,1583
1145592000000000,1488
1145678400000000,1157
1145764800000000,1176
1145851200000000,1494
1145937600000000,1579
1146024000000000,1546
1146110400000000,1588
1146196800000000,1645
1146283200000000,1332
1146369600000000,1238
1146456000000000,1637
1146542400000000,1660
1146628800000000,1607
1146715200000000,1607
1146801600000000,1639
1146888000000000,1380
1146974400000000,1290
1147060800000000,1587
1147147200000000,1624
1147233600000000,1695
1147320000000000,1648
1147406400000000,1524
1147492800000000,1309
1147579200000000,1204
1147665600000000,1524
1147752000000000,1566
1147838400000000,1639
1147924800000000,1591
1148011200000000,1440
1148097600000000,1342
1148184000000000,1257
1148270400000000,1580
1148356800000000,1739
1148443200000000,1615
1148529600000000,1685
1148616000000000,1538
1148702400000000,1336
1148788800000000,1212
1148875200000000,1215
1148961600000000,1785
1149048000000000,1631
1149134400000000,1656
1149220800000000,1452
1149307200000000,1289
1149393600000000,1323
1149480000000000,1598
1149566400000000,1599
1149652800000000,1425
1149739200000000,1516
1149825600000000,1629
1149912000000000,1301
1149998400000000,1257
1150084800000000,1701
1150171200000000,1648
1150257600000000,1710
1150344000000000,1608
1150430400000000,1618
1150516800000000,1376
1150603200000000,1208
1150689600000000,1602
1150776000000000,1820
1150862400000000,1841
1150948800000000,1742
1151035200000000,1683
1151121600000000,1292
1151208000000000,1288
1151294400000000,1655
1151380800000000,1640
1151467200000000,1729
1151553600000000,1598
1151640000000000,1395
1151726400000000,1369
1151812800000000,1251
1151899200000000,1430
1151985600000000,1295
1152072000000000,1803
1152158400000000,1609
1152244800000000,1603
1152331200000000,1381
1152417600000000,1297
1152504000000000,1647
1152590400000000,1643
1152676800000000,1555
1152763200000000,1684
1152849600000000,1585
1152936000000000,1380
1153022400000000,1265
1153108800000000,1506
1153195200000000,1639
1153281600000000,1714
1153368000000000,1703
1153454400000000,1469
1153540800000000,1371
1153627200000000,1292
1153713600000000,1642
1153800000000000,1715
1153886400000000,1735
1153972800000000,1595
1154059200000000,1598
1154145600000000,1396
1154232000000000,1303
1154318400000000,1613
1154404800000000,1535
1154491200000000,1545
1154577600000000,1587
1154664000000000,1567
1154750400000000,1406
1154836800000000,1284
1154923200000000,1632
1155009600000000,1762
1155096000000000,1766
1155182400000000,1679
1155268800000000,1611
1155355200000000,1433
1155441600000000,1242
1155528000000000,1686
1155614400000000,1670
1155700800000000,1733
1155787200000000,1599
1155873600000000,1545
1155960000000000,1401
1156046400000000,1358
1156132800000000,1677
1156219200000000,1615
1156305600000000,1617
1156392000000000,1691
1156478400000000,1507
1156564800000000,1375
1156651200000000,1134
1156737600000000,1535
1156824000000000,1430
1156910400000000,1547
1156996800000000,1560
1157083200000000,1501
1157169600000000,1109
1157256000000000,1211
1157342400000000,1330
1157428800000000,1549
1157515200000000,1581
1157601600000000,1623
1157688000000000,1573
1157774400000000,1399
1157860800000000,1299
1157947200000000,1627
1158033600000000,1453
1158120000000000,1671
1158206400000000,1553
1158292800000000,1437
1158379200000000,1385
1158465600000000,1326
1158552000000000,1550
1158638400000000,1635
1158724800000000,1735
1158811200000000,1630
1158897600000000,1577
1158984000000000,1428
1159070400000000,1431
1159156800000000,1759
1159243200000000,1749
1159329600000000,1718
1159416000000000,1734
1159502400000000,1590
1159588800000000,1443
1159675200000000,1317
1159761600000000,1631
1159848000000000,1718
1159934400000000,1654
1160020800000000,1599
1160107200000000,1543
1160193600000000,1407
1160280000000000,1290
1160366400000000,1488
1160452800000000,1652
1160539200000000,1469
1160625600000000,1722
1160712000000000,1541
1160798400000000,1304
1160884800000000,1284
1160971200000000,1552
1161057600000000,1439
1161144000000000,1683
1161230400000000,1656
1161316800000000,1567
1161403200000000,1367
1161489600000000,1302
1161576000000000,1601
1161662400000000,1574
1161748800000000,1593
1161835200000000,1629
1161921600000000,1523
1162008000000000,1288
1162094400000000,1354
1162184400000000,1575
1162270800000000,1597
1162357200000000,1889
1162443600000000,1530
1162530000000000,1481
1162616400000000,1287
1162702800000000,1200
1162789200000000,1617
1162875600000000,1440
1162962000000000,1353
1163048400000000,1688
1163134800000000,1586
1163221200000000,1396
1163307600000000,1251
1163394000000000,1540
1163480400000000,1646
1163566800000000,1582
1163653200000000,1552
1163739600000000,1585
1163826000000000,1293
1163912400000000,1216
1163998800000000,1537
1164085200000000,1557
1164171600000000,1416
1164258000000000,802
1164344400000000,1319
1164430800000000,1408
1164517200000000,1250
1164603600000000,1590
1164690000000000,1632
1164776400000000,1520
1164862800000000,1655
1164949200000000,1491
1165035600000000,1358
1165122000000000,1271
1165208400000000,1461
1165294800000000,1513
1165381200000000,1548
1165467600000000,1528
1165554000000000,1377
1165640400000000,1272
1165726800000000,1258
1165813200000000,1582
1165899600000000,1686
1165986000000000,1480
1166072400000000,1542
1166158800000000,1550
1166245200000000,1254
1166331600000000,1214
1166418000000000,1507
1166504400000000,1519
1166590800000000,1549
1166677200000000,1510
1166763600000000,1439
1166850000000000,1286
1166936400000000,981
1167022800000000,706
1167109200000000,1342
1167195600000000,1481
1167282000000000,1446
1167368400000000,1450
1167454800000000,1151
1167541200000000,951
1167627600000000,1377
1167714000000000,1630
1167800400000000,1667
1167886800000000,1712
1167973200000000,1687
1168059600000000,1365
1168146000000000,1252
1168232400000000,1502
1168318800000000,1596
1168405200000000,1586
1168491600000000,1574
1168578000000000,1565
1168664400000000,1390
1168750800000000,1243
1168837200000000,1372
1168923600000000,1636
1169010000000000,1435
1169096400000000,1578
1169182800000000,1554
1169269200000000,1281
1169355600000000,1130
1169442000000000,1428
1169528400000000,1557
1169614800000000,1612
1169701200000000,1489
1169787600000000,1229
1169874000000000,1302
1169960400000000,1290
1170046800000000,1333
1170133200000000,1412
1170219600000000,1419
1170306000000000,1484
1170392400000000,1462
1170478800000000,1226
1170565200000000,1018
1170651600000000,1234
1170738000000000,1328
1170824400000000,1491
1170910800000000,1448
1170997200000000,1406
1171083600000000,1258
1171170000000000,1137
1171256400000000,1410
1171342800000000,1478
1171429200000000,978
1171515600000000,1188
1171602000000000,1327
1171688400000000,1163
1171774800000000,1110
1171861200000000,1137
1171947600000000,1572
1172034000000000,1518
1172120400000000,1415
1172206800000000,1329
1172293200000000,1292
1172379600000000,1153
1172466000000000,1347
1172552400000000,1508
1172638800000000,1645
1172725200000000,1549
1172811600000000,1420
1172898000000000,1292
1172984400000000,1250
1173070800000000,1394
1173157200000000,1297
1173243600000000,1411
1173330000000000,1436
1173416400000000,1493
1173502800000000,1377
1173589200000000,1178
1173672000000000,1503
1173758400000000,1605
1173844800000000,1680
1173931200000000,1568
1174017600000000,1171
1174104000000000,903
1174190400000000,1133
1174276800000000,1345
1174363200000000,1551
1174449600000000,1522
1174536000000000,1581
1174622400000000,1591
1174708800000000,1299
1174795200000000,1270
1174881600000000,1539
1174968000000000,1596
1175054400000000,1624
1175140800000000,1532
1175227200000000,1517
1175313600000000,1299
1175400000000000,1158
1175486400000000,1397
1175572800000000,1422
1175659200000000,1303
1175745600000000,1365
1175832000000000,1329
1175918400000000,1280
1176004800000000,1001
1176091200000000,1329
1176177600000000,1465
1176264000000000,1568
1176350400000000,1330
1176436800000000,1500
1176523200000000,1360
1176609600000000,946
1176696000000000,1400
1176782400000000,1613
1176868800000000,1675
1176955200000000,1683
1177041600000000,1576
1177128000000000,1380
1177214400000000,1291
1177300800000000,1547
1177387200000000,1672
1177473600000000,1654
1177560000000000,1662
1177646400000000,1479
1177732800000000,1395
1177819200000000,1311
1177905600000000,1618
1177992000000000,1652
1178078400000000,1718
1178164800000000,1618
1178251200000000,1565
1178337600000000,1369
1178424000000000,1270
1178510400000000,1592
1178596800000000,1597
1178683200000000,1635
1178769600000000,1635
1178856000000000,1516
1178942400000000,1438
1179028800000000,1141
1179115200000000,1684
1179201600000000,1747
1179288000000000,1646
1179374400000000,1682
1179460800000000,1612
1179547200000000,1280
1179633600000000,1297
1179720000000000,1616
1179806400000000,1712
1179892800000000,1717
1179979200000000,1614
1180065600000000,1584
1180152000000000,1331
1180238400000000,1173
1180324800000000,1255
1180411200000000,1903
1180497600000000,1698
1180584000000000,1622
1180670400000000,1580
1180756800000000,1393
1180843200000000,1234
1180929600000000,1421
1181016000000000,1829
1181102400000000,1737
1181188800000000,1597
1181275200000000,1542
1181361600000000,1314
1181448000000000,1322
1181534400000000,1637
1181620800000000,1659
1181707200000000,1692
1181793600000000,1711
1181880000000000,1582
1181966400000000,1320
1182052800000000,1188
1182139200000000,1667
1182225600000000,1749
1182312000000000,1697
1182398400000000,1629
1182484800000000,1476
1182571200000000,1504
1182657600000000,1395
1182744000000000,1605
1182830400000000,1715
1182916800000000,1608
1183003200000000,1467
1183089600000000,1503
1183176000000000,1382
1183262400000000,1329
1183348800000000,1554
1183435200000000,1565
1183521600000000,1285
1183608000000000,1702
1183694400000000,1518
1183780800000000,1357
1183867200000000,1291
1183953600000000,1505
1184040000000000,1522
1184126400000000,1640
1184212800000000,1671
1184299200000000,1590
1184385600000000,1378
1184472000000000,1271
1184558400000000,1578
1184644800000000,1706
1184731200000000,1447
1184817600000000,1520
1184904000000000,1663
1184990400000000,1404
1185076800000000,1423
1185163200000000,1412
1185249600000000,1732
1185336000000000,1756
1185422400000000,1615
1185508800000000,1618
1185595200000000,1446
1185681600000000,1326
1185768000000000,1632
1185854400000000,1783
1185940800000000,1747
1186027200000000,1710
1186113600000000,1633
1186200000000000,1367
1186286400000000,1328
1186372800000000,1578
1186459200000000,1695
1186545600000000,1565
1186632000000000,1674
1186718400000000,1423
1186804800000000,1396
1186891200000000,1347
1186977600000000,1597
1187064000000000,1673
1187150400000000,1717
1187236800000000,1624
1187323200000000,1494
1187409600000000,1381
1187496000000000,1291
1187582400000000,1515
1187668800000000,1377
1187755200000000,1580
1187841600000000,1640
1187928000000000,1560
1188014400000000,1421
1188100800000000,1342
1188187200000000,1672
1188273600000000,1625
1188360000000000,1613
1188446400000000,1604
1188532800000000,1585
1188619200000000,1408
1188705600000000,1281
1188792000000000,1160
1188878400000000,1741
1188964800000000,1689
1189051200000000,1656
1189137600000000,1622
1189224000000000,1503
1189310400000000,1445
1189396800000000,1616
1189483200000000,1525
1189569600000000,1760
1189656000000000,1624
1189742400000000,1597
1189828800000000,1474
1189915200000000,1351
1190001600000000,1536
1190088000000000,1594
1190174400000000,1737
1190260800000000,1641
1190347200000000,1662
1190433600000000,1483
1190520000000000,1485
1190606400000000,1554
1190692800000000,1753
1190779200000000,1653
1190865600000000,1764
1190952000000000,1679
1191038400000000,1552
1191124800000000,1314
1191211200000000,1658
1191297600000000,1683
1191384000000000,1700
1191470400000000,1679
1191556800000000,1698
1191643200000000,1464
1191729600000000,1376
1191816000000000,1365
1191902400000000,1729
1191988800000000,1750
1192075200000000,1588
1192161600000000,1604
1192248000000000,1404
1192334400000000,1274
1192420800000000,1501
1192507200000000,1711
1192593600000000,1688
1192680000000000,1716
1192766400000000,1608
1192852800000000,1521
1192939200000000,1450
1193025600000000,1637
1193112000000000,1854
1193198400000000,1627
1193284800000000,1633
1193371200000000,1522
1193457600000000,1285
1193544000000000,1360
1193630400000000,1442
1193716800000000,1603
1193803200000000,1530
1193889600000000,1700
1193976000000000,1494
1194062400000000,1356
1194148800000000,1327
1194238800000000,1582
1194325200000000,1423
1194411600000000,1581
1194498000000000,1565
1194584400000000,1535
1194670800000000,1304
1194757200000000,1305
1194843600000000,1283
1194930000000000,1599
1195016400000000,1588
1195102800000000,1523
1195189200000000,1511
1195275600000000,1377
1195362000000000,1281
1195448400000000,1368
1195534800000000,1449
1195621200000000,1480
1195707600000000,831
1195794000000000,1283
1195880400000000,1256
1195966800000000,1280
1196053200000000,1451
1196139600000000,1653
1196226000000000,1481
1196312400000000,1461
1196398800000000,1484
1196485200000000,1282
1196571600000000,1080
1196658000000000,1388
1196744400000000,1457
1196830800000000,1471
1196917200000000,1463
1197003600000000,1507
1197090000000000,1383
1197176400000000,1166
1197262800000000,1458
1197349200000000,1585
1197435600000000,1590
1197522000000000,1318
1197608400000000,1477
1197694800000000,1390
1197781200000000,1046
1197867600000000,1398
1197954000000000,1601
1198040400000000,1461
1198126800000000,1505
1198213200000000,1588
1198299600000000,1283
1198386000000000,1230
1198472400000000,1164
1198558800000000,817
1198645200000000,1412
1198731600000000,1392
1198818000000000,1423
1198904400000000,1329
1198990800000000,1199
1199077200000000,1200
1199163600000000,1439
1199250000000000,1409
1199336400000000,1336
1199422800000000,1467
1199509200000000,1439
1199595600000000,1241
1199682000000000,1564
1199768400000000,1699
1199854800000000,1607
1199941200000000,1699
1200027600000000,1572
1200114000000000,1501
1200200400000000,1274
1200286800000000,1482
1200373200000000,1603
1200459600000000,1593
1200546000000000,1543
1200632400000000,1620
1200718800000000,1401
1200805200000000,1221
1200891600000000,1183
1200978000000000,1503
1201064400000000,1632
1201150800000000,1498
1201237200000000,1458
1201323600000000,1335
1201410000000000,1203
1201496400000000,1391
1201582800000000,1485
1201669200000000,1454
1201755600000000,1518
1201842000000000,1340
1201928400000000,1403
1202014800000000,1267
1202101200000000,1419
1202187600000000,1507
1202274000000000,1642
1202360400000000,1552
1202446800000000,1563
1202533200000000,1387
1202619600000000,1169
1202706000000000,1199
1202792400000000,1235
1202878800000000,1266
1202965200000000,1352
1203051600000000,1593
1203138000000000,1372
1203224400000000,1114
1203310800000000,1193
1203397200000000,1478
1203483600000000,1485
1203570000000000,1450
1203656400000000,1121
1203742800000000,1227
1203829200000000,1129
1203915600000000,1361
1204002000000000,1429
1204088400000000,1520
1204174800000000,1441
1204261200000000,1378
1204347600000000,1263
1204434000000000,1191
1204520400000000,1457
1204606800000000,1497
1204693200000000,1566
1204779600000000,1568
1204866000000000,1467
1204952400000000,1249
1205038800000000,1195
1205121600000000,1466
1205208000000000,1571
1205294400000000,1639
1205380800000000,1560
1205467200000000,1526
1205553600000000,1373
1205640000000000,1158
1205726400000000,1463
1205812800000000,1532
1205899200000000,1399
1205985600000000,1553
1206072000000000,1447
1206158400000000,1394
1206244800000000,1088
1206331200000000,1399
1206417600000000,1622
1206504000000000,1614
1206590400000000,1630
1206676800000000,1526
1206763200000000,1370
1206849600000000,1107
1206936000000000,1378
1207022400000000,1583
1207108800000000,1641
1207195200000000,1522
1207281600000000,1495
1207368000000000,1343
1207454400000000,1293
1207540800000000,1476
1207627200000000,1530
1207713600000000,1565
1207800000000000,1576
1207886400000000,1601
1207972800000000,1441
1208059200000000,1351
1208145600000000,1451
1208232000000000,1564
1208318400000000,1570
1208404800000000,1519
1208491200000000,1511
1208577600000000,1310
1208664000000000,1160
1208750400000000,1403
1208836800000000,1555
1208923200000000,1502
1209009600000000,1498
1209096000000000,1406
1209182400000000,1301
1209268800000000,1188
1209355200000000,1244
1209441600000000,1460
1209528000000000,1472
1209614400000000,1538
1209700800000000,1526
1209787200000000,1365
1209873600000000,1186
1209960000000000,1471
1210046400000000,1676
1210132800000000,1609
1210219200000000,1624
1210305600000000,1360
1210392000000000,1360
1210478400000000,1140
1210564800000000,1388
1210651200000000,1606
1210737600000000,1668
1210824000000000,1528
1210910400000000,1418
1210996800000000,1359
1211083200000000,1313
1211169600000000,1463
1211256000000000,1437
1211342400000000,1642
1211428800000000,1539
1211515200000000,1631
1211601600000000,1304
1211688000000000,1195
1211774400000000,1164
1211860800000000,1778
1211947200000000,1685
1212033600000000,1560
1212120000000000,1577
1212206400000000,1283
1212292800000000,1244
1212379200000000,1600
1212465600000000,1725
1212552000000000,1631
1212638400000000,1612
1212724800000000,1649
1212811200000000,1325
1212897600000000,1273
1212984000000000,1420
1213070400000000,1501
1213156800000000,1682
1213243200000000,1624
1213329600000000,1659
1213416000000000,1412
1213502400000000,1133
1213588800000000,1604
1213675200000000,1681
1213761600000000,1598
1213848000000000,1612
1213934400000000,1619
1214020800000000,1463
1214107200000000,1275
1214193600000000,1530
1214280000000000,1737
1214366400000000,1672
1214452800000000,1656
1214539200000000,1556
1214625600000000,1370
1214712000000000,1251
1214798400000000,1485
1214884800000000,1609
1214971200000000,1618
1215057600000000,1490
1215144000000000,1102
1215230400000000,1365
1215316800000000,1221
1215403200000000,1402
1215489600000000,1512
1215576000000000,1586
1215662400000000,1499
1215748800000000,1620
1215835200000000,1337
1215921600000000,1242
1216008000000000,1497
1216094400000000,1582
1216180800000000,1632
1216267200000000,1635
1216353600000000,1587
1216440000000000,1387
1216526400000000,1301
1216612800000000,1528
1216699200000000,1636
1216785600000000,1725
1216872000000000,1649
1216958400000000,1590
1217044800000000,1439
1217131200000000,1322
1217217600000000,1572
1217304000000000,1791
1217390400000000,1699
1217476800000000,1559
1217563200000000,1590
1217649600000000,1445
1217736000000000,1392
1217822400000000,1555
1217908800000000,1631
1217995200000000,1581
1218081600000000,1682
1218168000000000,1504
1218254400000000,1433
1218340800000000,1322
1218427200000000,1501
1218513600000000,1619
1218600000000000,1621
1218686400000000,1517
1218772800000000,1559
1218859200000000,1426
1218945600000000,1363
1219032000000000,1558
1219118400000000,1689
1219204800000000,1618
1219291200000000,1592
1219377600000000,1622
1219464000000000,1343
1219550400000000,1306
1219636800000000,1519
1219723200000000,1589
1219809600000000,1574
1219896000000000,1622
1219982400000000,1543
1220068800000000,1426
1220155200000000,1249
1220241600000000,1238
1220328000000000,1583
1220414400000000,1649
1220500800000000,1612
1220587200000000,1622
1220673600000000,1217
1220760000000000,1345
1220846400000000,1548
1220932800000000,1464
1221019200000000,1639
1221105600000000,1561
1221192000000000,1547
1221278400000000,1467
1221364800000000,1349
1221451200000000,1578
1221537600000000,1633
1221624000000000,1651
1221710400000000,1619
1221796800000000,1606
1221883200000000,1422
1221969600000000,1280
1222056000000000,1549
1222142400000000,1577
1222228800000000,1644
1222315200000000,1484
1222401600000000,1472
1222488000000000,1400
1222574400000000,1290
1222660800000000,1574
1222747200000000,1540
1222833600000000,1582
1222920000000000,1554
1223006400000000,1615
1223092800000000,1340
1223179200000000,1234
1223265600000000,1421
1223352000000000,1567
1223438400000000,1551
1223524800000000,1579
1223611200000000,1684
1223697600000000,1404
1223784000000000,1222
1223870400000000,1320
1223956800000000,1657
1224043200000000,1736
1224129600000000,1646
1224216000000000,1560
1224302400000000,1384
1224388800000000,1218
1224475200000000,1513
1224561600000000,1615
1224648000000000,1478
1224734400000000,1489
1224820800000000,1609
1224907200000000,1403
1224993600000000,1231
1225080000000000,1539
1225166400000000,1292
1225252800000000,1471
1225339200000000,1472
1225425600000000,1473
1225512000000000,1452
1225598400000000,1223
1225688400000000,1375
1225774800000000,1297
1225861200000000,1451
1225947600000000,1495
1226034000000000,1577
1226120400000000,1410
1226206800000000,1257
1226293200000000,1435
1226379600000000,1379
1226466000000000,1473
1226552400000000,1372
1226638800000000,1533
1226725200000000,1300
1226811600000000,1140
1226898000000000,1423
1226984400000000,1494
1227070800000000,1538
1227157200000000,1525
1227243600000000,1569
1227330000000000,1245
1227416400000000,1107
1227502800000000,1408
1227589200000000,1504
1227675600000000,1446
1227762000000000,768
1227848400000000,1368
1227934800000000,1274
1228021200000000,1085
1228107600000000,1449
1228194000000000,1658
1228280400000000,1525
1228366800000000,1406
1228453200000000,1508
1228539600000000,1295
1228626000000000,1082
1228712400000000,1322
1228798800000000,1536
1228885200000000,1571
1228971600000000,1362
1229058000000000,1466
1229144400000000,1316
1229230800000000,1109
1229317200000000,1374
1229403600000000,1496
1229490000000000,1454
1229576400000000,1553
1229662800000000,1118
1229749200000000,1166
1229835600000000,1062
1229922000000000,1245
1230008400000000,1335
1230094800000000,936
1230181200000000,714
1230267600000000,1295
1230354000000000,1275
1230440400000000,1216
1230526800000000,1365
1230613200000000,1367
1230699600000000,1038
1230786000000000,1223
1230872400000000,1370
1230958800000000,1281
1231045200000000,1101
1231131600000000,1413
1231218000000000,1481
1231304400000000,1400
1231390800000000,1483
1231477200000000,1494
1231563600000000,1136
1231650000000000,1002
1231736400000000,1290
1231822800000000,1612
1231909200000000,1475
1231995600000000,1284
1232082000000000,1316
1232168400000000,1248
1232254800000000,1051
1232341200000000,1018
1232427600000000,1391
1232514000000000,1451
1232600400000000,1485
1232686800000000,1497
1232773200000000,1329
1232859600000000,1038
1232946000000000,1304
1233032400000000,1442
1233118800000000,1182
1233205200000000,1404
1233291600000000,1431
1233378000000000,1243
1233464400000000,1109
1233550800000000,1397
1233637200000000,1205
1233723600000000,1370
1233810000000000,1285
1233896400000000,1355
1233982800000000,1279
1234069200000000,1076
1234155600000000,1331
1234242000000000,1467
1234328400000000,1595
1234414800000000,1536
1234501200000000,1493
1234587600000000,1227
1234674000000000,1090
1234760400000000,1164
1234846800000000,1351
1234933200000000,1333
1235019600000000,1404
1235106000000000,1398
1235192400000000,1318
1235278800000000,1098
1235365200000000,1264
1235451600000000,1481
1235538000000000,1533
1235624400000000,1552
1235710800000000,1576
1235797200000000,1292
1235883600000000,1143
1235970000000000,863
1236056400000000,1203
1236142800000000,1378
1236229200000000,1493
1236315600000000,1528
1236402000000000,1457
1236488400000000,1167
1236571200000000,1415
1236657600000000,1521
1236744000000000,1676
1236830400000000,1548
1236916800000000,1483
1237003200000000,1359
1237089600000000,1205
1237176000000000,1412
1237262400000000,1459
1237348800000000,1575
1237435200000000,1488
1237521600000000,1505
1237608000000000,1362
1237694400000000,1170
1237780800000000,1337
1237867200000000,1453
1237953600000000,1594
1238040000000000,1429
1238126400000000,1540
1238212800000000,1364
1238299200000000,1156
1238385600000000,1444
1238472000000000,1592
1238558400000000,1563
1238644800000000,1485
1238731200000000,1438
1238817600000000,1268
1238904000000000,1163
1238990400000000,1334
1239076800000000,1518
1239163200000000,1587
1239249600000000,1482
1239336000000000,1405
1239422400000000,1206
1239508800000000,937
1239595200000000,1324
1239681600000000,1324
1239768000000000,1305
1239854400000000,1340
1239940800000000,1426
1240027200000000,1348
1240113600000000,1128
1240200000000000,1206
1240286400000000,1508
1240372800000000,1557
1240459200000000,1508
1240545600000000,1579
1240632000000000,1250
1240718400000000,1270
1240804800000000,1444
1240891200000000,1541
1240977600000000,1650
1241064000000000,1552
1241150400000000,1518
1241236800000000,1428
1241323200000000,1130
1241409600000000,1279
1241496000000000,1501
1241582400000000,1596
1241668800000000,1472
1241755200000000,1620
1241841600000000,1436
1241928000000000,1146
1242014400000000,1445
1242100800000000,1672
1242187200000000,1723
1242273600000000,1464
1242360000000000,1574
1242446400000000,1375
1242532800000000,1151
1242619200000000,1443
1242705600000000,1510
1242792000000000,1629
1242878400000000,1564
1242964800000000,1512
1243051200000000,1400
1243137600000000,1165
1243224000000000,1184
1243310400000000,1611
1243396800000000,1533
1243483200000000,1447
1243569600000000,1573
1243656000000000,1333
1243742400000000,1210
1243828800000000,1446
1243915200000000,1557
1244001600000000,1533
1244088000000000,1333
1244174400000000,1321
1244260800000000,1239
1244347200000000,1236
1244433600000000,1513
1244520000000000,1482
1244606400000000,1544
1244692800000000,1516
1244779200000000,1518
1244865600000000,1390
1244952000000000,1230
1245038400000000,1468
1245124800000000,1620
1245211200000000,1526
1245297600000000,1324
1245384000000000,1519
1245470400000000,1353
1245556800000000,1124
1245643200000000,1627
1245729600000000,1709
1245816000000000,1520
1245902400000000,1559
1245988800000000,1505
1246075200000000,1357
1246161600000000,1281
1246248000000000,1494
1246334400000000,1499
1246420800000000,1611
1246507200000000,1473
1246593600000000,1516
1246680000000000,1236
1246766400000000,1300
1246852800000000,1425
1246939200000000,1516
1247025600000000,1577
1247112000000000,1556
1247198400000000,1445
1247284800000000,1348
1247371200000000,1145
1247457600000000,1483
1247544000000000,1566
1247630400000000,1628
1247716800000000,1514
1247803200000000,1535
1247889600000000,1406
1247976000000000,1356
1248062400000000,1552
1248148800000000,1518
1248235200000000,1628
1248321600000000,1438
1248408000000000,1448
1248494400000000,1365
1248580800000000,1224
1248667200000000,1463
1248753600000000,1641
1248840000000000,1507
1248926400000000,1580
1249012800000000,1468
1249099200000000,1367
1249185600000000,1233
1249272000000000,1478
1249358400000000,1604
1249444800000000,1655
1249531200000000,1552
1249617600000000,1590
1249704000000000,1422
1249790400000000,1351
1249876800000000,1441
1249963200000000,1574
1250049600000000,1616
1250136000000000,1625
1250222400000000,1605
1250308800000000,1476
1250395200000000,1295
1250481600000000,1555
1250568000000000,1501
1250654400000000,1635
1250740800000000,1639
1250827200000000,1467
1250913600000000,1373
1251000000000000,1315
1251086400000000,1509
1251172800000000,1630
1251259200000000,1661
1251345600000000,1674
1251432000000000,1412
1251518400000000,1311
1251604800000000,1295
1251691200000000,1429
1251777600000000,1606
1251864000000000,1535
1251950400000000,1511
1252036800000000,1503
1252123200000000,1431
1252209600000000,1276
1252296000000000,1196
1252382400000000,1594
1252468800000000,1463
1252555200000000,1456
1252641600000000,1242
1252728000000000,1358
1252814400000000,1299
1252900800000000,1395
1252987200000000,1515
1253073600000000,1619
1253160000000000,1705
1253246400000000,1588
1253332800000000,1392
1253419200000000,1197
1253505600000000,1502
1253592000000000,1634
1253678400000000,1622
1253764800000000,1596
1253851200000000,1565
1253937600000000,1373
1254024000000000,1179
1254110400000000,1362
1254196800000000,1463
1254283200000000,1522
1254369600000000,1486
1254456000000000,1539
1254542400000000,1393
1254628800000000,1351
1254715200000000,1418
1254801600000000,1673
1254888000000000,1542
1254974400000000,1615
1255060800000000,1506
1255147200000000,1390
1255233600000000,1220
1255320000000000,1242
1255406400000000,1626
1255492800000000,1616
1255579200000000,1270
1255665600000000,1388
1255752000000000,1364
1255838400000000,1123
1255924800000000,1341
1256011200000000,1484
1256097600000000,1711
1256184000000000,1577
1256270400000000,1623
1256356800000000,1262
1256443200000000,1281
1256529600000000,1492
1256616000000000,1456
1256702400000000,1441
1256788800000000,1473
1256875200000000,1519
1256961600000000,1363
1257048000000000,1405
1257138000000000,1529
1257224400000000,1367
1257310800000000,1497
1257397200000000,1538
1257483600000000,1416
1257570000000000,1362
1257656400000000,1278
1257742800000000,1411
1257829200000000,1626
1257915600000000,1477
1258002000000000,1421
1258088400000000,1491
1258174800000000,1230
1258261200000000,1223
1258347600000000,1500
1258434000000000,1646
1258520400000000,1552
1258606800000000,1556
1258693200000000,1637
1258779600000000,1410
1258866000000000,1170
1258952400000000,1426
1259038800000000,1561
1259125200000000,1429
1259211600000000,757
1259298000000000,1256
1259384400000000,1251
1259470800000000,1224
1259557200000000,1377
1259643600000000,1480
1259730000000000,1540
1259816400000000,1504
1259902800000000,1484
1259989200000000,1237
1260075600000000,1097
1260162000000000,1407
1260248400000000,1493
1260334800000000,1368
1260421200000000,1485
1260507600000000,1323
1260594000000000,1302
1260680400000000,1084
1260766800000000,1369
1260853200000000,1515
1260939600000000,1478
1261026000000000,1294
1261112400000000,1356
1261198800000000,1079
1261285200000000,801
1261371600000000,1139
1261458000000000,1344
1261544400000000,1249
1261630800000000,960
1261717200000000,695
1261803600000000,938
1261890000000000,1132
1261976400000000,1332
1262062800000000,1340
1262149200000000,1466
1262235600000000,1094
1262322000000000,1427
1262408400000000,1087
1262494800000000,994
1262581200000000,1271
1262667600000000,1451
1262754000000000,1498
1262840400000000,1581
1262926800000000,1444
1263013200000000,1250
1263099600000000,1108
1263186000000000,1329
1263272400000000,1447
1263358800000000,1439
1263445200000000,1564
1263531600000000,1661
1263618000000000,1361
1263704400000000,1142
1263790800000000,1235
1263877200000000,1568
1263963600000000,1621
1264050000000000,1581
1264136400000000,1606
1264222800000000,1436
1264309200000000,1180
1264395600000000,1241
1264482000000000,1537
1264568400000000,1501
1264654800000000,1353
1264741200000000,1320
1264827600000000,1150
1264914000000000,1032
1265000400000000,1281
1265086800000000,1453
1265173200000000,1423
1265259600000000,1402
1265346000000000,1526
1265432400000000,1251
1265518800000000,1008
1265605200000000,1239
1265691600000000,1306
1265778000000000,740
1265864400000000,1214
1265950800000000,1306
1266037200000000,1258
1266123600000000,941
1266210000000000,965
1266296400000000,1120
1266382800000000,1279
1266469200000000,1384
1266555600000000,1391
1266642000000000,1321
1266728400000000,1179
1266814800000000,1285
1266901200000000,1256
1266987600000000,1479
1267074000000000,1109
1267160400000000,788
1267246800000000,1178
1267333200000000,972
1267419600000000,1281
1267506000000000,1492
1267592400000000,1489
1267678800000000,1556
1267765200000000,1519
1267851600000000,1398
1267938000000000,1209
1268024400000000,1390
1268110800000000,1542
1268197200000000,1591
1268283600000000,1515
1268370000000000,1345
1268456400000000,1027
1268542800000000,996
1268625600000000,1326
1268712000000000,1523
1268798400000000,1546
1268884800000000,1612
1268971200000000,1481
1269057600000000,1395
1269144000000000,1232
1269230400000000,1217
1269316800000000,1454
1269403200000000,1555
1269489600000000,1627
1269576000000000,1560
1269662400000000,1241
1269748800000000,1140
1269835200000000,1194
1269921600000000,1128
1270008000000000,1394
1270094400000000,1455
1270180800000000,1358
1270267200000000,1229
1270353600000000,1050
1270440000000000,1343
1270526400000000,1475
1270612800000000,1536
1270699200000000,1588
1270785600000000,1543
1270872000000000,1283
1270958400000000,1256
1271044800000000,1428
1271131200000000,1522
1271217600000000,1542
1271304000000000,1486
1271390400000000,1521
1271476800000000,1333
1271563200000000,1156
1271649600000000,1452
1271736000000000,1648
1271822400000000,1659
1271908800000000,1595
1271995200000000,1585
1272081600000000,1389
1272168000000000,1099
1272254400000000,1234
1272340800000000,1584
1272427200000000,1552
1272513600000000,1550
1272600000000000,1603
1272686400000000,1319
1272772800000000,1283
1272859200000000,1372
1272945600000000,1594
1273032000000000,1630
1273118400000000,1639
1273204800000000,1615
1273291200000000,1352
1273377600000000,1109
1273464000000000,1409
1273550400000000,1470
1273636800000000,1493
1273723200000000,1550
1273809600000000,1593
1273896000000000,1341
1273982400000000,1199
1274068800000000,1455
1274155200000000,1367
1274241600000000,1503
1274328000000000,1625
1274414400000000,1640
1274500800000000,1412
1274587200000000,1274
1274673600000000,1510
1274760000000000,1646
1274846400000000,1556
1274932800000000,1512
1275019200000000,1545
1275105600000000,1376
1275192000000000,1200
1275278400000000,1184
1275364800000000,1575
1275451200000000,1648
1275537600000000,1599
1275624000000000,1624
1275710400000000,1418
1275796800000000,1238
1275883200000000,1469
1275969600000000,1611
1276056000000000,1386
1276142400000000,1578
1276228800000000,1560
1276315200000000,1317
1276401600000000,1227
1276488000000000,1458
1276574400000000,1516
1276660800000000,1568
1276747200000000,1591
1276833600000000,1577
1276920000000000,1429
1277006400000000,1170
1277092800000000,1508
1277179200000000,1553
1277265600000000,1574
1277352000000000,1522
1277438400000000,1562
1277524800000000,1455
1277611200000000,1220
1277697600000000,1541
1277784000000000,1579
1277870400000000,1600
1277956800000000,1539
1278043200000000,1423
1278129600000000,1265
1278216000000000,1149
1278302400000000,1286
1278388800000000,1501
1278475200000000,1518
1278561600000000,1544
1278648000000000,1529
1278734400000000,1403
1278820800000000,1188
1278907200000000,1466
1278993600000000,1433
1279080000000000,1501
1279166400000000,1578
1279252800000000,1546
1279339200000000,1389
1279425600000000,1276
1279512000000000,1458
1279598400000000,1619
1279684800000000,1545
1279771200000000,1622
1279857600000000,1463
1279944000000000,1362
1280030400000000,1243
1280116800000000,1446
1280203200000000,1526
1280289600000000,1517
1280376000000000,1633
1280462400000000,1562
1280548800000000,1323
1280635200000000,1310
1280721600000000,1449
1280808000000000,1446
1280894400000000,1455
1280980800000000,1517
1281067200000000,1572
1281153600000000,1371
1281240000000000,1323
1281326400000000,1462
1281412800000000,1553
1281499200000000,1649
1281585600000000,1506
1281672000000000,1499
1281758400000000,1429
1281844800000000,1302
1281931200000000,1421
1282017600000000,1524
1282104000000000,1550
1282190400000000,1540
1282276800000000,1498
1282363200000000,1326
1282449600000000,1195
1282536000000000,1253
1282622400000000,1450
1282708800000000,1456
1282795200000000,1484
1282881600000000,1543
1282968000000000,1309
1283054400000000,1344
1283140800000000,1445
1283227200000000,1486
1283313600000000,1544
1283400000000000,1532
1283486400000000,1549
1283572800000000,1444
1283659200000000,1332
1283745600000000,1243
1283832000000000,1529
1283918400000000,1627
1284004800000000,1612
1284091200000000,1484
1284177600000000,1395
1284264000000000,1216
1284350400000000,1332
1284436800000000,1435
1284523200000000,1579
1284609600000000,1426
1284696000000000,1503
1284782400000000,1438
1284868800000000,1329
1284955200000000,1433
1285041600000000,1511
1285128000000000,1517
1285214400000000,1628
1285300800000000,1657
1285387200000000,1407
1285473600000000,1344
1285560000000000,1438
1285646400000000,1597
1285732800000000,1640
1285819200000000,1555
1285905600000000,1408
1285992000000000,1508
1286078400000000,1246
1286164800000000,1302
1286251200000000,1527
1286337600000000,1679
1286424000000000,1601
1286510400000000,1489
1286596800000000,1464
1286683200000000,1234
1286769600000000,1312
1286856000000000,1611
1286942400000000,1613
1287028800000000,1574
1287115200000000,1517
1287201600000000,1388
1287288000000000,1307
1287374400000000,1424
1287460800000000,1562
1287547200000000,1639
1287633600000000,1610
1287720000000000,1555
1287806400000000,1428
1287892800000000,1278
1287979200000000,1479
1288065600000000,1653
1288152000000000,1579
1288238400000000,1636
1288324800000000,1649
1288411200000000,1253
1288497600000000,1195
1288584000000000,1415
1288670400000000,1261
1288756800000000,1558
1288843200000000,1359
1288929600000000,1531
1289016000000000,1374
1289102400000000,1181
1289192400000000,1314
1289278800000000,1463
1289365200000000,1593
1289451600000000,1423
1289538000000000,1546
1289624400000000,1457
1289710800000000,1170
1289797200000000,1444
1289883600000000,1444
1289970000000000,1545
1290056400000000,1643
1290142800000000,1518
1290229200000000,1425
1290315600000000,1177
1290402000000000,1397
1290488400000000,1520
1290574800000000,1440
1290661200000000,796
1290747600000000,1362
1290834000000000,1292
1290920400000000,1215
1291006800000000,1402
1291093200000000,1435
1291179600000000,1319
1291266000000000,1484
1291352400000000,1396
1291438800000000,1298
1291525200000000,1061
1291611600000000,1277
1291698000000000,1390
1291784400000000,1416
1291870800000000,1295
1291957200000000,1353
1292043600000000,1325
1292130000000000,999
1292216400000000,1316
1292302800000000,1300
1292389200000000,1243
1292475600000000,1294
1292562000000000,1419
1292648400000000,1308
1292734800000000,1158
1292821200000000,1245
1292907600000000,1356
1292994000000000,1416
1293080400000000,1291
1293166800000000,981
1293253200000000,677
1293339600000000,568
1293426000000000,334
1293512400000000,826
1293598800000000,1083
1293685200000000,1123
1293771600000000,1017
1293858000000000,1376
1293944400000000,985
1294030800000000,1214
1294117200000000,1496
1294203600000000,1462
1294290000000000,1492
1294376400000000,1299
1294462800000000,1081
1294549200000000,1048
1294635600000000,1264
1294722000000000,1376
1294808400000000,1044
1294894800000000,1262
1294981200000000,1325
1295067600000000,1296
1295154000000000,1115
1295240400000000,1110
1295326800000000,1238
1295413200000000,1524
1295499600000000,1447
1295586000000000,1420
1295672400000000,1184
1295758800000000,1027
1295845200000000,1096
1295931600000000,1362
1296018000000000,1161
1296104400000000,864
1296190800000000,1207
1296277200000000,1220
1296363600000000,1022
1296450000000000,1168
1296536400000000,1222
1296622800000000,1174
1296709200000000,1358
1296795600000000,1329
1296882000000000,1264
1296968400000000,978
1297054800000000,1347
1297141200000000,1377
1297227600000000,1338
1297314000000000,1470
1297400400000000,1463
1297486800000000,1353
1297573200000000,1146
1297659600000000,1208
1297746000000000,1439
1297832400000000,1537
1297918800000000,1570
1298005200000000,1533
1298091600000000,1304
1298178000000000,1049
1298264400000000,1090
1298350800000000,1335
1298437200000000,1318
1298523600000000,1328
1298610000000000,1276
1298696400000000,1284
1298782800000000,1188
1298869200000000,1279
1298955600000000,1419
1299042000000000,1517
1299128400000000,1313
1299214800000000,1442
1299301200000000,1369
1299387600000000,1005
1299474000000000,1257
1299560400000000,1488
1299646800000000,1483
1299733200000000,1313
1299819600000000,1366
1299906000000000,1419
1299992400000000,1171
1300075200000000,1381
1300161600000000,1529
1300248000000000,1437
1300334400000000,1455
1300420800000000,1496
1300507200000000,1332
1300593600000000,1176
1300680000000000,1265
1300766400000000,1536
1300852800000000,1311
1300939200000000,1479
1301025600000000,1484
1301112000000000,1191
1301198400000000,1110
1301284800000000,1327
1301371200000000,1318
1301457600000000,1455
1301544000000000,1387
1301630400000000,1308
1301716800000000,1395
1301803200000000,1192
1301889600000000,1349
1301976000000000,1459
1302062400000000,1496
1302148800000000,1569
1302235200000000,1492
1302321600000000,1365
1302408000000000,1200
1302494400000000,1436
1302580800000000,1381
1302667200000000,1433
1302753600000000,1609
1302840000000000,1483
1302926400000000,1133
1303012800000000,1119
1303099200000000,1364
1303185600000000,1339
1303272000000000,1478
1303358400000000,1453
1303444800000000,1339
1303531200000000,1246
1303617600000000,1050
1303704000000000,1281
1303790400000000,1478
1303876800000000,1475
1303963200000000,1428
1304049600000000,1543
1304136000000000,1272
1304222400000000,1135
1304308800000000,1362
1304395200000000,1511
1304481600000000,1392
1304568000000000,1492
1304654400000000,1517
1304740800000000,1235
1304827200000000,1036
1304913600000000,1467
1305000000000000,1643
1305086400000000,1602
1305172800000000,1651
1305259200000000,1591
1305345600000000,1308
1305432000000000,1138
1305518400000000,1379
1305604800000000,1372
1305691200000000,1480
1305777600000000,1534
1305864000000000,1559
1305950400000000,1366
1306036800000000,1173
1306123200000000,1476
1306209600000000,1637
1306296000000000,1594
1306382400000000,1512
1306468800000000,1523
1306555200000000,1342
1306641600000000,1122
1306728000000000,1126
1306814400000000,1560
1306900800000000,1616
1306987200000000,1513
1307073600000000,1536
1307160000000000,1435
1307246400000000,1167
1307332800000000,1401
1307419200000000,1623
1307505600000000,1562
1307592000000000,1347
1307678400000000,1477
1307764800000000,1287
1307851200000000,1201
1307937600000000,1471
1308024000000000,1483
1308110400000000,1650
1308196800000000,1589
1308283200000000,1445
1308369600000000,1356
1308456000000000,1291
1308542400000000,1447
1308628800000000,1590
1308715200000000,1553
1308801600000000,1531
1308888000000000,1456
1308974400000000,1443
1309060800000000,1286
1309147200000000,1477
1309233600000000,1640
1309320000000000,1526
1309406400000000,1556
1309492800000000,1458
1309579200000000,1237
1309665600000000,1171
1309752000000000,1145
1309838400000000,1743
1309924800000000,1511
1310011200000000,1503
1310097600000000,1475
1310184000000000,1320
1310270400000000,1304
1310356800000000,1422
1310443200000000,1636
1310529600000000,1569
1310616000000000,1633
1310702400000000,1562
1310788800000000,1391
1310875200000000,1320
1310961600000000,1390
1311048000000000,1549
1311134400000000,1562
1311220800000000,1527
1311307200000000,1404
1311393600000000,1340
1311480000000000,1275
1311566400000000,1456
1311652800000000,1551
1311739200000000,1611
1311825600000000,1552
1311912000000000,1415
1311998400000000,1339
1312084800000000,1257
1312171200000000,1459
1312257600000000,1495
1312344000000000,1470
1312430400000000,1478
1312516800000000,1474
1312603200000000,1300
1312689600000000,1234
1312776000000000,1382
1312862400000000,1414
1312948800000000,1553
1313035200000000,1621
1313121600000000,1469
1313208000000000,1394
1313294400000000,950
1313380800000000,1453
1313467200000000,1548
1313553600000000,1601
1313640000000000,1430
1313726400000000,1390
1313812800000000,1360
1313899200000000,1289
1313985600000000,1458
1314072000000000,1597
1314158400000000,1566
1314244800000000,1513
1314331200000000,1351
1314417600000000,907
1314504000000000,664
1314590400000000,1328
1314676800000000,1534
1314763200000000,1479
1314849600000000,1493
1314936000000000,1412
1315022400000000,1363
1315108800000000,1234
1315195200000000,1220
1315281600000000,1252
1315368000000000,1249
1315454400000000,1360
1315540800000000,1377
1315627200000000,1301
1315713600000000,1142
1315800000000000,1343
1315886400000000,1426
1315972800000000,1540
1316059200000000,1382
1316145600000000,1415
1316232000000000,1250
1316318400000000,1161
1316404800000000,1308
1316491200000000,1470
1316577600000000,1574
1316664000000000,1546
1316750400000000,1364
1316836800000000,1308
1316923200000000,1294
1317009600000000,1559
1317096000000000,1548
1317182400000000,1521
1317268800000000,1385
1317355200000000,1408
1317441600000000,1253
1317528000000000,1139
1317614400000000,1292
1317700800000000,1402
1317787200000000,1511
1317873600000000,1445
1317960000000000,1445
1318046400000000,1319
1318132800000000,1209
1318219200000000,1291
1318305600000000,1550
1318392000000000,1443
1318478400000000,1423
1318564800000000,1376
1318651200000000,1147
1318737600000000,1191
1318824000000000,1357
1318910400000000,1519
1318996800000000,1409
1319083200000000,1563
1319169600000000,1541
1319256000000000,1368
1319342400000000,1248
1319428800000000,1359
1319515200000000,1474
1319601600000000,1517
1319688000000000,1303
1319774400000000,1352
1319860800000000,1110
1319947200000000,992
1320033600000000,1321
1320120000000000,1540
1320206400000000,1470
1320292800000000,1509
1320379200000000,1458
1320465600000000,1374
1320552000000000,1120
1320642000000000,1472
1320728400000000,1421
1320814800000000,1586
1320901200000000,1541
1320987600000000,1344
1321074000000000,1305
1321160400000000,1209
1321246800000000,1382
1321333200000000,1474
1321419600000000,1355
1321506000000000,1440
1321592400000000,1455
1321678800000000,1368
1321765200000000,1176
1321851600000000,1446
1321938000000000,1417
1322024400000000,1372
1322110800000000,751
1322197200000000,1420
1322283600000000,1277
1322370000000000,1285
1322456400000000,1446
1322542800000000,1503
1322629200000000,1482
1322715600000000,1524
1322802000000000,1459
1322888400000000,1231
1322974800000000,1135
1323061200000000,1400
1323147600000000,1374
1323234000000000,1355
1323320400000000,1361
1323406800000000,1494
1323493200000000,1340
1323579600000000,1055
1323666000000000,1338
1323752400000000,1416
1323838800000000,1433
1323925200000000,1573
1324011600000000,1481
1324098000000000,1270
1324184400000000,1014
1324270800000000,1192
1324357200000000,1476
1324443600000000,1464
1324530000000000,1487
1324616400000000,1332
1324702800000000,981
1324789200000000,675
1324875600000000,1019
1324962000000000,1294
1325048400000000,1372
1325134800000000,1330
1325221200000000,1394
1325307600000000,1118
1325394000000000,1312
1325480400000000,1085
1325566800000000,1318
1325653200000000,1276
1325739600000000,1425
1325826000000000,1457
1325912400000000,1376
1325998800000000,1124
1326085200000000,1336
1326171600000000,1556
1326258000000000,1468
1326344400000000,1384
1326430800000000,1453
1326517200000000,1215
1326603600000000,957
1326690000000000,1073
1326776400000000,1439
1326862800000000,1417
1326949200000000,1347
1327035600000000,1465
1327122000000000,1108
1327208400000000,1010
1327294800000000,1425
1327381200000000,1608
1327467600000000,1506
1327554000000000,1485
1327640400000000,1493
1327726800000000,1441
1327813200000000,1159
1327899600000000,1307
1327986000000000,1543
1328072400000000,1596
1328158800000000,1535
1328245200000000,1423
1328331600000000,1388
1328418000000000,1034
1328504400000000,1345
1328590800000000,1459
1328677200000000,1471
1328763600000000,1465
1328850000000000,1528
1328936400000000,1305
1329022800000000,1049
1329109200000000,1354
1329195600000000,1273
1329282000000000,1495
1329368400000000,1477
1329454800000000,1526
1329541200000000,1338
1329627600000000,1113
1329714000000000,1147
1329800400000000,1298
1329886800000000,1448
1329973200000000,1346
1330059600000000,1261
1330146000000000,1253
1330232400000000,1131
1330318800000000,1358
1330405200000000,1466
1330491600000000,1365
1330578000000000,1371
1330664400000000,1440
1330750800000000,1278
1330837200000000,1231
1330923600000000,1339
1331010000000000,1487
1331096400000000,1491
1331182800000000,1558
1331269200000000,1475
1331355600000000,1215
1331442000000000,1097
1331524800000000,1422
1331611200000000,1552
1331697600000000,1562
1331784000000000,1461
1331870400000000,1414
1331956800000000,1325
1332043200000000,1329
1332129600000000,1421
1332216000000000,1541
1332302400000000,1586
1332388800000000,1555
1332475200000000,1532
1332561600000000,1355
1332648000000000,1161
1332734400000000,1366
1332820800000000,1349
1332907200000000,1529
1332993600000000,1453
1333080000000000,1417
1333166400000000,1225
1333252800000000,1093
1333339200000000,1453
1333425600000000,1533
1333512000000000,1583
1333598400000000,1441
1333684800000000,1374
1333771200000000,1306
1333857600000000,1003
1333944000000000,1295
1334030400000000,1370
1334116800000000,1380
1334203200000000,1339
1334289600000000,1434
1334376000000000,1203
1334462400000000,1256
1334548800000000,1455
1334635200000000,1592
1334721600000000,1553
1334808000000000,1538
1334894400000000,1565
1334980800000000,1401
1335067200000000,1104
1335153600000000,1404
1335240000000000,1409
1335326400000000,1631
1335412800000000,1361
1335499200000000,1546
1335585600000000,1309
1335672000000000,1270
1335758400000000,1519
1335844800000000,1421
1335931200000000,1556
1336017600000000,1530
1336104000000000,1536
1336190400000000,1345
1336276800000000,1253
1336363200000000,1356
1336449600000000,1628
1336536000000000,1568
1336622400000000,1577
1336708800000000,1510
1336795200000000,1395
1336881600000000,1156
1336968000000000,1370
1337054400000000,1364
1337140800000000,1612
1337227200000000,1658
1337313600000000,1584
1337400000000000,1342
1337486400000000,1321
1337572800000000,1307
1337659200000000,1611
1337745600000000,1638
1337832000000000,1440
1337918400000000,1495
1338004800000000,1394
1338091200000000,1123
1338177600000000,1090
1338264000000000,1635
1338350400000000,1616
1338436800000000,1516
1338523200000000,1535
1338609600000000,1326
1338696000000000,1299
1338782400000000,1312
1338868800000000,1559
1338955200000000,1553
1339041600000000,1487
1339128000000000,1511
1339214400000000,1370
1339300800000000,1272
1339387200000000,1466
1339473600000000,1466
1339560000000000,1526
1339646400000000,1496
1339732800000000,1559
1339819200000000,1343
1339905600000000,1162
1339992000000000,1488
1340078400000000,1569
1340164800000000,1500
1340251200000000,1459
1340337600000000,1441
1340424000000000,1352
1340510400000000,1350
1340596800000000,1386
1340683200000000,1427
1340769600000000,1680
1340856000000000,1481
1340942400000000,1505
1341028800000000,1324
1341115200000000,1283
1341201600000000,1437
1341288000000000,1547
1341374400000000,1291
1341460800000000,1693
1341547200000000,1457
1341633600000000,1314
1341720000000000,1245
1341806400000000,1479
1341892800000000,1587
1341979200000000,1559
1342065600000000,1615
1342152000000000,1536
1342238400000000,1496
1342324800000000,1323
1342411200000000,1427
1342497600000000,1504
1342584000000000,1543
1342670400000000,1558
1342756800000000,1411
1342843200000000,1350
1342929600000000,1345
1343016000000000,1406
1343102400000000,1544
1343188800000000,1650
1343275200000000,1457
1343361600000000,1494
1343448000000000,1426
1343534400000000,1260
1343620800000000,1517
1343707200000000,1540
1343793600000000,1420
1343880000000000,1550
1343966400000000,1560
1344052800000000,1384
1344139200000000,1310
1344225600000000,1457
1344312000000000,1549
1344398400000000,1661
1344484800000000,1608
1344571200000000,1486
1344657600000000,1476
1344744000000000,1428
1344830400000000,1487
1344916800000000,1550
1345003200000000,1404
1345089600000000,1558
1345176000000000,1626
1345262400000000,1326
1345348800000000,1286
1345435200000000,1490
1345521600000000,1575
1345608000000000,1525
1345694400000000,1584
1345780800000000,1575
1345867200000000,1394
1345953600000000,1323
1346040000000000,1361
1346126400000000,1470
1346212800000000,1544
1346299200000000,1524
1346385600000000,1438
1346472000000000,1348
1346558400000000,1236
1346644800000000,1326
1346731200000000,1481
1346817600000000,1464
1346904000000000,1416
1346990400000000,1486
1347076800000000,1388
1347163200000000,1249
1347249600000000,1396
1347336000000000,1456
1347422400000000,1571
1347508800000000,1463
1347595200000000,1569
1347681600000000,1410
1347768000000000,1188
1347854400000000,1436
1347940800000000,1328
1348027200000000,1518
1348113600000000,1513
1348200000000000,1542
1348286400000000,1475
1348372800000000,1305
1348459200000000,1377
1348545600000000,1556
1348632000000000,1523
1348718400000000,1469
1348804800000000,1470
1348891200000000,1425
1348977600000000,1218
1349064000000000,1327
1349150400000000,1419
1349236800000000,1553
1349323200000000,1599
1349409600000000,1601
1349496000000000,1530
1349582400000000,1183
1349668800000000,1226
1349755200000000,1489
1349841600000000,1511
1349928000000000,1490
1350014400000000,1503
1350100800000000,1279
1350187200000000,1214
1350273600000000,1374
1350360000000000,1484
1350446400000000,1532
1350532800000000,1543
1350619200000000,1524
1350705600000000,1483
1350792000000000,1209
1350878400000000,1409
1350964800000000,1491
1351051200000000,1463
1351137600000000,1476
1351224000000000,1441
1351310400000000,1305
1351396800000000,1128
1351483200000000,423
1351569600000000,670
1351656000000000,1027
1351742400000000,994
1351828800000000,963
1351915200000000,916
1352001600000000,1032
1352091600000000,1083
1352178000000000,970
1352264400000000,846
1352350800000000,1048
1352437200000000,1306
1352523600000000,1258
1352610000000000,1066
1352696400000000,1221
1352782800000000,1273
1352869200000000,1394
1352955600000000,1389
1353042000000000,1371
1353128400000000,1182
1353214800000000,1142
1353301200000000,1317
1353387600000000,1368
1353474000000000,1341
1353560400000000,754
1353646800000000,1197
1353733200000000,1205
1353819600000000,997
1353906000000000,1314
1353992400000000,1228
1354078800000000,1439
1354165200000000,1438
1354251600000000,1438
1354338000000000,1243
1354424400000000,1189
1354510800000000,1289
1354597200000000,1406
1354683600000000,1429
1354770000000000,1325
1354856400000000,1310
1354942800000000,1253
1355029200000000,1203
1355115600000000,1406
1355202000000000,1501
1355288400000000,1411
1355374800000000,1335
1355461200000000,1404
1355547600000000,1303
1355634000000000,1117
1355720400000000,1304
1355806800000000,1361
1355893200000000,1416
1355979600000000,1399
1356066000000000,1310
1356152400000000,1185
1356238800000000,1181
1356325200000000,973
1356411600000000,718
1356498000000000,1060
1356584400000000,1200
1356670800000000,1314
1356757200000000,1222
1356843600000000,1031
1356930000000000,1099
1357016400000000,1395
1357102800000000,1299
1357189200000000,1369
1357275600000000,1418
1357362000000000,1267
1357448400000000,1142
1357534800000000,1289
1357621200000000,1425
1357707600000000,1469
1357794000000000,1503
1357880400000000,1384
1357966800000000,1305
1358053200000000,1216
1358139600000000,1366
1358226000000000,1379
1358312400000000,1297
1358398800000000,1478
1358485200000000,1361
1358571600000000,1262
1358658000000000,1115
1358744400000000,1115
1358830800000000,1223
1358917200000000,1172
1359003600000000,1207
1359090000000000,1259
1359176400000000,1215
1359262800000000,1068
1359349200000000,1174
1359435600000000,1360
1359522000000000,1394
1359608400000000,1431
1359694800000000,1440
1359781200000000,1272
1359867600000000,975
1359954000000000,1193
1360040400000000,1343
1360126800000000,1428
1360213200000000,1313
1360299600000000,1041
1360386000000000,879
1360472400000000,969
1360558800000000,1137
1360645200000000,1493
1360731600000000,1432
1360818000000000,1345
1360904400000000,1475
1360990800000000,1307
1361077200000000,1071
1361163600000000,1102
1361250000000000,1227
1361336400000000,1340
1361422800000000,1403
1361509200000000,1383
1361595600000000,1250
1361682000000000,1181
1361768400000000,1262
1361854800000000,1352
1361941200000000,1342
1362027600000000,1409
1362114000000000,1343
1362200400000000,1254
1362286800000000,1086
1362373200000000,1175
1362459600000000,1359
1362546000000000,1277
1362632400000000,1236
1362718800000000,1197
1362805200000000,1309
1362891600000000,1091
1362974400000000,1273
1363060800000000,1301
1363147200000000,1506
1363233600000000,1390
1363320000000000,1349
1363406400000000,1248
1363492800000000,1175
1363579200000000,1264
1363665600000000,1240
1363752000000000,1393
1363838400000000,1307
1363924800000000,1328
1364011200000000,1224
1364097600000000,1122
1364184000000000,1167
1364270400000000,1380
1364356800000000,1355
1364443200000000,1366
1364529600000000,1298
1364616000000000,1221
1364702400000000,964
1364788800000000,1161
1364875200000000,1228
1364961600000000,1382
1365048000000000,1322
1365134400000000,1375
1365220800000000,1238
1365307200000000,1103
1365393600000000,1281
1365480000000000,1508
1365566400000000,1498
1365652800000000,1479
1365739200000000,1340
1365825600000000,1278
1365912000000000,1176
1365998400000000,1324
1366084800000000,1422
1366171200000000,1472
1366257600000000,1457
1366344000000000,1425
1366430400000000,1294
1366516800000000,1196
1366603200000000,1344
1366689600000000,1353
1366776000000000,1555
1366862400000000,1488
1366948800000000,1394
1367035200000000,1364
1367121600000000,1187
1367208000000000,1339
1367294400000000,1458
1367380800000000,1500
1367467200000000,1458
1367553600000000,1423
1367640000000000,1256
1367726400000000,1191
1367812800000000,1325
1367899200000000,1579
1367985600000000,1370
1368072000000000,1417
1368158400000000,1530
1368244800000000,1357
1368331200000000,1181
1368417600000000,1377
1368504000000000,1422
1368590400000000,1547
1368676800000000,1532
1368763200000000,1492
1368849600000000,1254
1368936000000000,1096
1369022400000000,1385
1369108800000000,1555
1369195200000000,1587
1369281600000000,1442
1369368000000000,1433
1369454400000000,1251
1369540800000000,1132
1369627200000000,1189
1369713600000000,1449
1369800000000000,1322
1369886400000000,1415
1369972800000000,1335
1370059200000000,1242
1370145600000000,1230
1370232000000000,1372
1370318400000000,1557
1370404800000000,1561
1370491200000000,1390
1370577600000000,1239
1370664000000000,1197
1370750400000000,1305
1370836800000000,1219
1370923200000000,1409
1371009600000000,1565
1371096000000000,1406
1371182400000000,1398
1371268800000000,1430
1371355200000000,1197
1371441600000000,1499
1371528000000000,1420
1371614400000000,1473
1371700800000000,1436
1371787200000000,1490
1371873600000000,1405
1371960000000000,1249
1372046400000000,1411
1372132800000000,1482
1372219200000000,1561
1372305600000000,1514
1372392000000000,1473
1372478400000000,1382
1372564800000000,1311
1372651200000000,1346
1372737600000000,1507
1372824000000000,1465
1372910400000000,1200
1372996800000000,1535
1373083200000000,1304
1373169600000000,1325
1373256000000000,1410
1373342400000000,1616
1373428800000000,1523
1373515200000000,1559
1373601600000000,1453
1373688000000000,1256
1373774400000000,1298
1373860800000000,1401
1373947200000000,1477
1374033600000000,1512
1374120000000000,1485
1374206400000000,1452
1374292800000000,1409
1374379200000000,1352
1374465600000000,1498
1374552000000000,1473
1374638400000000,1596
1374724800000000,1615
1374811200000000,1456
1374897600000000,1416
1374984000000000,1280
1375070400000000,1419
1375156800000000,1496
1375243200000000,1555
1375329600000000,1307
1375416000000000,1456
1375502400000000,1427
1375588800000000,1299
1375675200000000,1360
1375761600000000,1457
1375848000000000,1477
1375934400000000,1458
1376020800000000,1484
1376107200000000,1351
1376193600000000,1380
1376280000000000,1416
1376366400000000,1490
1376452800000000,1658
1376539200000000,1501
1376625600000000,1541
1376712000000000,1329
1376798400000000,1328
1376884800000000,1429
1376971200000000,1469
1377057600000000,1479
1377144000000000,1417
1377230400000000,1516
1377316800000000,1428
1377403200000000,1296
1377489600000000,1427
1377576000000000,1515
1377662400000000,1465
1377748800000000,1459
1377835200000000,1481
1377921600000000,1387
1378008000000000,1328
1378094400000000,1274
1378180800000000,1581
1378267200000000,1467
1378353600000000,1529
1378440000000000,1389
1378526400000000,1426
1378612800000000,1313
1378699200000000,1355
1378785600000000,1403
1378872000000000,1492
1378958400000000,1473
1379044800000000,1474
1379131200000000,1341
1379217600000000,1324
1379304000000000,1393
1379390400000000,1459
1379476800000000,1501
1379563200000000,1525
1379649600000000,1591
1379736000000000,1416
1379822400000000,1294
1379908800000000,1431
1379995200000000,1519
1380081600000000,1577
1380168000000000,1514
1380254400000000,1519
1380340800000000,1436
1380427200000000,1336
1380513600000000,1554
1380600000000000,1503
1380686400000000,1598
1380772800000000,1610
1380859200000000,1598
1380945600000000,1455
1381032000000000,1335
1381118400000000,1424
1381204800000000,1511
1381291200000000,1540
1381377600000000,1496
1381464000000000,1546
1381550400000000,1467
1381636800000000,1252
1381723200000000,1280
1381809600000000,1514
1381896000000000,1410
1381982400000000,1579
1382068800000000,1432
1382155200000000,1304
1382241600000000,1241
1382328000000000,1445
1382414400000000,1465
1382500800000000,1457
1382587200000000,1402
1382673600000000,1428
1382760000000000,1316
1382846400000000,1246
1382932800000000,1363
1383019200000000,1462
1383105600000000,1559
1383192000000000,1513
1383278400000000,1581
1383364800000000,1407
1383451200000000,1199
1383541200000000,1343
1383627600000000,1314
1383714000000000,1458
1383800400000000,1441
1383886800000000,1437
1383973200000000,1416
1384059600000000,1242
1384146000000000,1201
1384232400000000,1296
1384318800000000,1455
1384405200000000,1519
1384491600000000,1517
1384578000000000,1442
1384664400000000,1283
1384750800000000,1507
1384837200000000,1386
1384923600000000,1407
1385010000000000,1453
1385096400000000,1479
1385182800000000,1415
1385269200000000,1058
1385355600000000,1338
1385442000000000,1319
1385528400000000,1229
1385614800000000,781
1385701200000000,1311
1385787600000000,1176
1385874000000000,1192
1385960400000000,1389
1386046800000000,1461
1386133200000000,1431
1386219600000000,1511
1386306000000000,1468
1386392400000000,1316
1386478800000000,1139
1386565200000000,1324
1386651600000000,1378
1386738000000000,1360
1386824400000000,1290
1386910800000000,1336
1386997200000000,1103
1387083600000000,1013
1387170000000000,1310
1387256400000000,1220
1387342800000000,1347
1387429200000000,1394
1387515600000000,1428
1387602000000000,1376
1387688400000000,1304
1387774800000000,1280
1387861200000000,1129
1387947600000000,805
1388034000000000,1228
1388120400000000,1348
1388206800000000,1294
1388293200000000,1125
1388379600000000,1308
1388466000000000,1079
1388552400000000,1501
1388638800000000,1206
1388725200000000,836
1388811600000000,1021
1388898000000000,956
1388984400000000,1259
1389070800000000,1091
1389157200000000,1297
1389243600000000,1400
1389330000000000,1378
1389416400000000,1251
1389502800000000,1258
1389589200000000,1423
1389675600000000,1436
1389762000000000,1490
1389848400000000,1491
1389934800000000,1487
1390021200000000,1381
1390107600000000,1181
1390194000000000,1300
1390280400000000,930
1390366800000000,1066
1390453200000000,1164
1390539600000000,1273
1390626000000000,1205
1390712400000000,1088
1390798800000000,1248
1390885200000000,1325
1390971600000000,1279
1391058000000000,1296
1391144400000000,1367
1391230800000000,1332
1391317200000000,1237
1391403600000000,1105
1391490000000000,1300
1391576400000000,1105
1391662800000000,1259
1391749200000000,1389
1391835600000000,1230
1391922000000000,1112
1392008400000000,1219
1392094800000000,1263
1392181200000000,1358
1392267600000000,898
1392354000000000,1057
1392440400000000,1157
1392526800000000,1011
1392613200000000,1060
1392699600000000,1271
1392786000000000,1226
1392872400000000,1379
1392958800000000,1366
1393045200000000,1423
1393131600000000,1240
1393218000000000,1252
1393304400000000,1385
1393390800000000,1250
1393477200000000,1259
1393563600000000,1276
1393650000000000,1292
1393736400000000,1110
1393822800000000,1188
1393909200000000,1278
1393995600000000,1394
1394082000000000,1367
1394168400000000,1390
1394254800000000,1414
1394341200000000,1107
1394424000000000,1333
1394510400000000,1400
1394596800000000,1399
1394683200000000,1333
1394769600000000,1378
1394856000000000,1505
1394942400000000,1226
1395028800000000,1255
1395115200000000,1401
1395201600000000,1362
1395288000000000,1488
1395374400000000,1440
1395460800000000,1423
1395547200000000,1149
1395633600000000,1290
1395720000000000,1358
1395806400000000,1387
1395892800000000,1344
1395979200000000,1435
1396065600000000,1154
1396152000000000,1034
1396238400000000,1261
1396324800000000,1435
1396411200000000,1440
1396497600000000,1408
1396584000000000,1415
1396670400000000,1342
1396756800000000,1131
1396843200000000,1166
1396929600000000,1458
1397016000000000,1449
1397102400000000,1383
1397188800000000,1469
1397275200000000,1338
1397361600000000,1230
1397448000000000,1238
1397534400000000,1248
1397620800000000,1407
1397707200000000,1323
1397793600000000,1384
1397880000000000,1267
1397966400000000,1008
1398052800000000,1277
1398139200000000,1429
1398225600000000,1525
1398312000000000,1415
1398398400000000,1439
1398484800000000,1374
1398571200000000,1252
1398657600000000,1304
1398744000000000,1365
1398830400000000,1098
1398916800000000,1419
1399003200000000,1526
1399089600000000,1347
1399176000000000,1226
1399262400000000,1395
1399348800000000,1568
1399435200000000,1538
1399521600000000,1426
1399608000000000,1478
1399694400000000,1375
1399780800000000,1178
1399867200000000,1439
1399953600000000,1552
1400040000000000,1534
1400126400000000,1483
1400212800000000,1438
1400299200000000,1368
1400385600000000,1373
1400472000000000,1395
1400558400000000,1476
1400644800000000,1603
1400731200000000,1491
1400817600000000,1432
1400904000000000,1312
1400990400000000,1177
1401076800000000,1147
1401163200000000,1540
1401249600000000,1549
1401336000000000,1650
1401422400000000,1461
1401508800000000,1358
1401595200000000,1212
1401681600000000,1486
1401768000000000,1495
1401854400000000,1530
1401940800000000,1410
1402027200000000,1532
1402113600000000,1283
1402200000000000,1200
1402286400000000,1360
1402372800000000,1451
1402459200000000,1571
1402545600000000,1602
1402632000000000,1421
1402718400000000,1393
1402804800000000,1229
1402891200000000,1462
1402977600000000,1504
1403064000000000,1569
1403150400000000,1581
1403236800000000,1513
1403323200000000,1411
1403409600000000,1261
1403496000000000,1410
1403582400000000,1471
1403668800000000,1522
1403755200000000,1449
1403841600000000,1474
1403928000000000,1339
1404014400000000,1235
1404100800000000,1393
1404187200000000,1529
1404273600000000,1370
1404360000000000,1484
1404446400000000,1304
1404532800000000,1449
1404619200000000,1311
1404705600000000,1426
1404792000000000,1479
1404878400000000,1560
1404964800000000,1597
1405051200000000,1421
1405137600000000,1399
1405224000000000,1300
1405310400000000,1397
1405396800000000,1333
1405483200000000,1547
1405569600000000,1451
1405656000000000,1443
1405742400000000,1389
1405828800000000,1340
1405915200000000,1439
1406001600000000,1517
1406088000000000,1513
1406174400000000,1526
1406260800000000,1489
1406347200000000,1347
1406433600000000,1427
1406520000000000,1418
1406606400000000,1603
1406692800000000,1573
1406779200000000,1532
1406865600000000,1482
1406952000000000,1359
1407038400000000,1280
1407124800000000,1478
1407211200000000,1476
1407297600000000,1505
1407384000000000,1477
1407470400000000,1518
1407556800000000,1340
1407643200000000,1374
1407729600000000,1490
1407816000000000,1517
1407902400000000,1398
1407988800000000,1617
1408075200000000,1441
1408161600000000,1457
1408248000000000,1373
1408334400000000,1434
1408420800000000,1507
1408507200000000,1645
1408593600000000,1513
1408680000000000,1312
1408766400000000,1362
1408852800000000,1386
1408939200000000,1372
1409025600000000,1480
1409112000000000,1490
1409198400000000,1526
1409284800000000,1481
1409371200000000,1349
1409457600000000,1187
1409544000000000,1291
1409630400000000,1558
1409716800000000,1612
1409803200000000,1521
1409889600000000,1527
1409976000000000,1406
1410062400000000,1330
1410148800000000,1389
1410235200000000,1430
1410321600000000,1510
1410408000000000,1528
1410494400000000,1470
1410580800000000,1282
1410667200000000,1236
1410753600000000,1491
1410840000000000,1465
1410926400000000,1565
1411012800000000,1558
1411099200000000,1531
1411185600000000,1509
1411272000000000,1291
1411358400000000,1465
1411444800000000,1492
1411531200000000,1466
1411617600000000,1310
1411704000000000,1388
1411790400000000,1414
1411876800000000,1315
1411963200000000,1495
1412049600000000,1484
1412136000000000,1445
1412222400000000,1516
1412308800000000,1391
1412395200000000,1278
1412481600000000,1272
1412568000000000,1452
1412654400000000,1510
1412740800000000,1508
1412827200000000,1498
1412913600000000,1375
1413000000000000,1230
1413086400000000,1262
1413172800000000,1242
1413259200000000,1585
1413345600000000,1588
1413432000000000,1519
1413518400000000,1615
1413604800000000,1576
1413691200000000,1275
1413777600000000,1457
1413864000000000,1498
1413950400000000,1337
1414036800000000,1286
1414123200000000,1511
1414209600000000,1479
1414296000000000,1340
1414382400000000,1399
1414468800000000,1574
1414555200000000,1464
1414641600000000,1414
1414728000000000,1385
1414814400000000,1207
1414900800000000,1101
1414990800000000,1297
1415077200000000,1428
1415163600000000,1489
1415250000000000,1349
1415336400000000,1409
1415422800000000,1326
1415509200000000,1241
1415595600000000,1439
1415682000000000,1369
1415768400000000,1464
1415854800000000,1269
1415941200000000,1284
1416027600000000,1207
1416114000000000,1186
1416200400000000,1151
1416286800000000,1254
1416373200000000,1248
1416459600000000,1360
1416546000000000,1299
1416632400000000,1286
1416718800000000,1204
1416805200000000,1355
1416891600000000,1351
1416978000000000,1125
1417064400000000,662
1417150800000000,1166
1417237200000000,1145
1417323600000000,1134
1417410000000000,1349
1417496400000000,1263
1417582800000000,1240
1417669200000000,1202
1417755600000000,1194
1417842000000000,1075
1417928400000000,1073
1418014800000000,1163
1418101200000000,1069
1418187600000000,1251
1418274000000000,1299
1418360400000000,1276
1418446800000000,1205
1418533200000000,1203
1418619600000000,1234
1418706000000000,1315
1418792400000000,1377
1418878800000000,1315
1418965200000000,1267
1419051600000000,1146
1419138000000000,911
1419224400000000,1066
1419310800000000,1140
1419397200000000,851
1419483600000000,700
1419570000000000,978
1419656400000000,925
1419742800000000,939
1419829200000000,1141
1419915600000000,1085
1420002000000000,875
1420088400000000,1040
1420174800000000,1009
1420261200000000,931
1420347600000000,878
1420434000000000,1152
1420520400000000,1059
1420606800000000,1027
1420693200000000,1035
1420779600000000,1074
1420866000000000,988
1420952400000000,1007
1421038800000000,1133
1421125200000000,1344
1421211600000000,1305
1421298000000000,1331
1421384400000000,1282
1421470800000000,1157
1421557200000000,995
1421643600000000,1118
1421730000000000,1349
1421816400000000,1333
1421902800000000,1383
1421989200000000,1334
1422075600000000,1059
1422162000000000,1081
1422248400000000,855
1422334800000000,741
1422421200000000,1153
1422507600000000,1159
1422594000000000,1159
1422680400000000,1062
1422766800000000,991
1422853200000000,893
1422939600000000,993
1423026000000000,1270
1423112400000000,1232
1423198800000000,1198
1423285200000000,1098
1423371600000000,1053
1423458000000000,1084
1423544400000000,1197
1423630800000000,1307
1423717200000000,1295
1423803600000000,1107
1423890000000000,1109
1423976400000000,965
1424062800000000,997
1424149200000000,1117
1424235600000000,1232
1424322000000000,1127
1424408400000000,1103
1424494800000000,1086
1424581200000000,945
1424667600000000,1155
1424754000000000,1094
1424840400000000,1273
1424926800000000,1243
1425013200000000,1254
1425099600000000,1122
1425186000000000,914
1425272400000000,1160
1425358800000000,1144
1425445200000000,1265
1425531600000000,1029
1425618000000000,1180
1425704400000000,1185
1425790800000000,1032
1425873600000000,1333
1425960000000000,1397
1426046400000000,1329
1426132800000000,1403
1426219200000000,1290
1426305600000000,1215
1426392000000000,1130
1426478400000000,1319
1426564800000000,1342
1426651200000000,1460
1426737600000000,1320
1426824000000000,1154
1426910400000000,1185
1426996800000000,1142
1427083200000000,1152
1427169600000000,1285
1427256000000000,1304
1427342400000000,1286
1427428800000000,1267
1427515200000000,1171
1427601600000000,1103
1427688000000000,1270
1427774400000000,1257
1427860800000000,1406
1427947200000000,1438
1428033600000000,1340
1428120000000000,1218
1428206400000000,892
1428292800000000,1231
1428379200000000,1354
1428465600000000,1378
1428552000000000,1284
1428638400000000,1225
1428724800000000,1208
1428811200000000,1110
1428897600000000,1333
1428984000000000,1387
1429070400000000,1582
1429156800000000,1454
1429243200000000,1444
1429329600000000,1355
1429416000000000,1216
1429502400000000,1221
1429588800000000,1486
1429675200000000,1489
1429761600000000,1362
1429848000000000,1359
1429934400000000,1241
1430020800000000,1210
1430107200000000,1347
1430193600000000,1383
1430280000000000,1419
1430366400000000,1474
1430452800000000,1390
1430539200000000,1181
1430625600000000,1153
1430712000000000,1251
1430798400000000,1411
1430884800000000,1462
1430971200000000,1426
1431057600000000,1312
1431144000000000,1266
1431230400000000,1143
1431316800000000,1448
1431403200000000,1464
1431489600000000,1600
1431576000000000,1442
1431662400000000,1533
1431748800000000,1268
1431835200000000,1213
1431921600000000,1493
1432008000000000,1426
1432094400000000,1515
1432180800000000,1438
1432267200000000,1415
1432353600000000,1246
1432440000000000,1191
1432526400000000,1181
1432612800000000,1519
1432699200000000,1498
1432785600000000,1438
1432872000000000,1401
1432958400000000,1401
1433044800000000,1196
1433131200000000,1276
1433217600000000,1305
1433304000000000,1439
1433390400000000,1402
1433476800000000,1448
1433563200000000,1272
1433649600000000,1195
1433736000000000,1419
1433822400000000,1433
1433908800000000,1499
1433995200000000,1486
1434081600000000,1467
1434168000000000,1271
1434254400000000,1262
1434340800000000,1427
1434427200000000,1518
1434513600000000,1501
1434600000000000,1544
1434686400000000,1433
1434772800000000,1289
1434859200000000,1210
1434945600000000,1471
1435032000000000,1512
1435118400000000,1437
1435204800000000,1534
1435291200000000,1466
1435377600000000,1262
1435464000000000,1089
1435550400000000,1383
1435636800000000,1412
1435723200000000,1464
1435809600000000,1372
1435896000000000,1431
1435982400000000,1208
1436068800000000,1315
1436155200000000,1370
1436241600000000,1531
1436328000000000,1484
1436414400000000,1473
1436500800000000,1331
1436587200000000,1283
1436673600000000,1297
1436760000000000,1489
1436846400000000,1392
1436932800000000,1565
1437019200000000,1558
1437105600000000,1404
1437192000000000,1324
1437278400000000,1212
1437364800000000,1444
1437451200000000,1537
1437537600000000,1574
1437624000000000,1696
1437710400000000,1477
1437796800000000,1427
1437883200000000,1364
1437969600000000,1485
1438056000000000,1437
1438142400000000,1578
1438228800000000,1439
1438315200000000,1418
1438401600000000,1341
1438488000000000,1313
1438574400000000,1500
1438660800000000,1476
1438747200000000,1617
1438833600000000,1639
1438920000000000,1509
1439006400000000,1408
1439092800000000,1280
1439179200000000,1447
1439265600000000,1354
1439352000000000,1594
1439438400000000,1563
1439524800000000,1584
1439611200000000,1397
1439697600000000,1341
1439784000000000,1468
1439870400000000,1505
1439956800000000,1561
1440043200000000,1456
1440129600000000,1547
1440216000000000,1424
1440302400000000,1307
1440388800000000,1510
1440475200000000,1485
1440561600000000,1562
1440648000000000,1407
1440734400000000,1522
1440820800000000,1349
1440907200000000,1252
1440993600000000,1378
1441080000000000,1524
1441166400000000,1499
1441252800000000,1444
1441339200000000,1532
1441425600000000,1380
1441512000000000,1242
1441598400000000,1182
1441684800000000,1476
1441771200000000,1490
1441857600000000,1313
1441944000000000,1435
1442030400000000,1364
1442116800000000,1191
1442203200000000,1326
1442289600000000,1432
1442376000000000,1448
1442462400000000,1448
1442548800000000,1599
1442635200000000,1433
1442721600000000,1376
1442808000000000,1438
1442894400000000,1527
1442980800000000,1489
1443067200000000,1331
1443153600000000,1277
1443240000000000,1320
1443326400000000,1189
1443412800000000,1376
1443499200000000,1415
1443585600000000,1446
1443672000000000,1333
1443758400000000,1142
1443844800000000,1124
1443931200000000,1229
1444017600000000,1357
1444104000000000,1488
1444190400000000,1505
1444276800000000,1429
1444363200000000,1406
1444449600000000,1225
1444536000000000,1248
1444622400000000,1299
1444708800000000,1483
1444795200000000,1489
1444881600000000,1530
1444968000000000,1522
1445054400000000,1202
1445140800000000,1098
1445227200000000,1293
1445313600000000,1412
1445400000000000,1493
1445486400000000,1411
1445572800000000,1377
1445659200000000,1216
1445745600000000,1178
1445832000000000,1307
1445918400000000,1338
1446004800000000,1135
1446091200000000,1412
1446177600000000,1307
1446264000000000,1262
1446350400000000,1375
1446440400000000,1429
1446526800000000,1323
1446613200000000,1565
1446699600000000,1453
1446786000000000,1412
1446872400000000,1314
1446958800000000,1136
1447045200000000,1381
1447131600000000,1289
1447218000000000,1390
1447304400000000,1392
1447390800000000,1353
1447477200000000,1182
1447563600000000,1126
1447650000000000,1409
1447736400000000,1407
1447822800000000,1398
1447909200000000,1331
1447995600000000,1434
1448082000000000,1232
1448168400000000,1173
1448254800000000,1266
1448341200000000,1321
1448427600000000,1258
1448514000000000,800
1448600400000000,1240
1448686800000000,1200
1448773200000000,1122
1448859600000000,1284
1448946000000000,1281
1449032400000000,1326
1449118800000000,1305
1449205200000000,1392
1449291600000000,1283
1449378000000000,1148
1449464400000000,1300
1449550800000000,1345
1449637200000000,1324
1449723600000000,1383
1449810000000000,1461
1449896400000000,1360
1449982800000000,1261
1450069200000000,1320
1450155600000000,1457
1450242000000000,1296
1450328400000000,1243
1450414800000000,1325
1450501200000000,1262
1450587600000000,1090
1450674000000000,1370
1450760400000000,1284
1450846800000000,1210
1450933200000000,1046
1451019600000000,797
1451106000000000,1122
1451192400000000,1161
1451278800000000,1267
1451365200000000,1221
1451451600000000,1265
1451538000000000,1086
1451624400000000,1351
1451710800000000,1072
1451797200000000,1068
1451883600000000,1202
1451970000000000,1143
1452056400000000,1320
1452142800000000,1393
1452229200000000,1414
1452315600000000,1328
1452402000000000,1113
1452488400000000,1340
1452574800000000,1301
1452661200000000,1257
1452747600000000,1353
1452834000000000,1417
1452920400000000,1305
1453006800000000,1180
1453093200000000,1136
1453179600000000,1244
1453266000000000,1373
1453352400000000,1362
1453438800000000,1350
1453525200000000,569
1453611600000000,635
1453698000000000,1067
1453784400000000,1138
1453870800000000,1337
1453957200000000,1406
1454043600000000,1261
1454130000000000,1282
1454216400000000,1122
1454302800000000,1250
1454389200000000,1446
1454475600000000,1352
1454562000000000,1425
1454648400000000,1240
1454734800000000,1214
1454821200000000,1068
1454907600000000,1161
1454994000000000,1285
1455080400000000,1376
1455166800000000,1229
1455253200000000,1246
1455339600000000,1050
1455426000000000,815
1455512400000000,966
1455598800000000,1121
1455685200000000,1315
1455771600000000,1251
1455858000000000,1172
1455944400000000,1217
1456030800000000,1131
1456117200000000,1347
1456203600000000,1171
1456290000000000,1202
1456376400000000,1301
1456462800000000,1311
1456549200000000,1211
1456635600000000,1047
1456722000000000,1260
1456808400000000,1279
1456894800000000,1334
1456981200000000,1350
1457067600000000,1252
1457154000000000,1174
1457240400000000,1137
1457326800000000,1255
1457413200000000,1452
1457499600000000,1412
1457586000000000,1461
1457672400000000,1442
1457758800000000,1239
1457845200000000,1132
1457928000000000,1146
1458014400000000,1412
1458100800000000,1378
1458187200000000,1298
1458273600000000,1399
1458360000000000,1275
1458446400000000,1065
1458532800000000,1217
1458619200000000,1327
1458705600000000,1372
1458792000000000,1343
1458878400000000,1269
1458964800000000,1232
1459051200000000,999
1459137600000000,1233
1459224000000000,1365
1459310400000000,1351
1459396800000000,1418
1459483200000000,1406
1459569600000000,1243
1459656000000000,1069
1459742400000000,1226
1459828800000000,1212
1459915200000000,1354
1460001600000000,1370
1460088000000000,1383
1460174400000000,1302
1460260800000000,1153
1460347200000000,1417
1460433600000000,1319
1460520000000000,1480
1460606400000000,1390
1460692800000000,1473
1460779200000000,1291
1460865600000000,1183
1460952000000000,1442
1461038400000000,1373
1461124800000000,1476
1461211200000000,1473
1461297600000000,1418
1461384000000000,1326
1461470400000000,1139
1461556800000000,1354
1461643200000000,1350
1461729600000000,1279
1461816000000000,1324
1461902400000000,1356
1461988800000000,1197
1462075200000000,1005
1462161600000000,1252
1462248000000000,1370
1462334400000000,1429
1462420800000000,1352
1462507200000000,1400
1462593600000000,1209
1462680000000000,1107
1462766400000000,1427
1462852800000000,1440
1462939200000000,1495
1463025600000000,1562
1463112000000000,1350
1463198400000000,1388
1463284800000000,1268
1463371200000000,1418
1463457600000000,1570
1463544000000000,1586
1463630400000000,1493
1463716800000000,1444
1463803200000000,1327
1463889600000000,1214
1463976000000000,1389
1464062400000000,1437
1464148800000000,1440
1464235200000000,1457
1464321600000000,1395
1464408000000000,1239
1464494400000000,1164
1464580800000000,1169
1464667200000000,1590
1464753600000000,1537
1464840000000000,1512
1464926400000000,1401
1465012800000000,1264
1465099200000000,1170
1465185600000000,1490
1465272000000000,1449
1465358400000000,1332
1465444800000000,1477
1465531200000000,1412
1465617600000000,1306
1465704000000000,1195
1465790400000000,1457
1465876800000000,1481
1465963200000000,1543
1466049600000000,1527
1466136000000000,1396
1466222400000000,1276
1466308800000000,1154
1466395200000000,1397
1466481600000000,1598
1466568000000000,1513
1466654400000000,1484
1466740800000000,1400
1466827200000000,1265
1466913600000000,1238
1467000000000000,1471
1467086400000000,1415
1467172800000000,1527
1467259200000000,1440
1467345600000000,1361
1467432000000000,1248
1467518400000000,1232
1467604800000000,1116
1467691200000000,1492
1467777600000000,1423
1467864000000000,1435
1467950400000000,1214
1468036800000000,1176
1468123200000000,1166
1468209600000000,1325
1468296000000000,1332
1468382400000000,1446
1468468800000000,1455
1468555200000000,1372
1468641600000000,1276
1468728000000000,1198
1468814400000000,1409
1468900800000000,1484
1468987200000000,1481
1469073600000000,1454
1469160000000000,1365
1469246400000000,1349
1469332800000000,1310
1469419200000000,1308
1469505600000000,1489
1469592000000000,1492
1469678400000000,1421
1469764800000000,1289
1469851200000000,1224
1469937600000000,1139
1470024000000000,1328
1470110400000000,1360
1470196800000000,1427
1470283200000000,1363
1470369600000000,1459
1470456000000000,1238
1470542400000000,1256
1470628800000000,1491
1470715200000000,1453
1470801600000000,1453
1470888000000000,1346
1470974400000000,1391
1471060800000000,1264
1471147200000000,1244
1471233600000000,1426
1471320000000000,1503
1471406400000000,1576
1471492800000000,1453
1471579200000000,1461
1471665600000000,1317
1471752000000000,1269
1471838400000000,1416
1471924800000000,1456
1472011200000000,1518
1472097600000000,1456
1472184000000000,1392
1472270400000000,1259
1472356800000000,1340
1472443200000000,1416
1472529600000000,1444
1472616000000000,1458
1472702400000000,1243
1472788800000000,1367
1472875200000000,1261
1472961600000000,1174
1473048000000000,1232
1473134400000000,1483
1473220800000000,1378
1473307200000000,1396
1473393600000000,1407
1473480000000000,1238
1473566400000000,1245
1473652800000000,1297
1473739200000000,1357
1473825600000000,1407
1473912000000000,1471
1473998400000000,1397
1474084800000000,1284
1474171200000000,1225
1474257600000000,1162
1474344000000000,1428
1474430400000000,1392
1474516800000000,1497
1474603200000000,1481
1474689600000000,1264
1474776000000000,1199
1474862400000000,1295
1474948800000000,1338
1475035200000000,1453
1475121600000000,1325
1475208000000000,1224
1475294400000000,1176
1475380800000000,1111
1475467200000000,1249
1475553600000000,1460
1475640000000000,1399
1475726400000000,1464
1475812800000000,1361
1475899200000000,1249
1475985600000000,1116
1476072000000000,1202
1476158400000000,1357
1476244800000000,1433
1476331200000000,1397
1476417600000000,1342
1476504000000000,1273
1476590400000000,1232
1476676800000000,1399
1476763200000000,1553
1476849600000000,1525
1476936000000000,1477
1477022400000000,1498
1477108800000000,1319
1477195200000000,1180
1477281600000000,1331
1477368000000000,1314
1477454400000000,1340
1477540800000000,1276
1477627200000000,1343
1477713600000000,1282
1477800000000000,1234
1477886400000000,1409
1477972800000000,1533
1478059200000000,1506
1478145600000000,1418
1478232000000000,1420
1478318400000000,1300
1478404800000000,1098
1478494800000000,1257
1478581200000000,1265
1478667600000000,1295
1478754000000000,1171
1478840400000000,1203
1478926800000000,1158
1479013200000000,1183
1479099600000000,1275
1479186000000000,1209
1479272400000000,1431
1479358800000000,1398
1479445200000000,1381
1479531600000000,1274
1479618000000000,1023
1479704400000000,1219
1479790800000000,1291
1479877200000000,1209
1479963600000000,759
1480050000000000,1270
1480136400000000,1194
1480222800000000,1076
1480309200000000,1301
1480395600000000,1223
1480482000000000,1304
1480568400000000,1426
1480654800000000,1358
1480741200000000,1266
1480827600000000,1078
1480914000000000,1308
1481000400000000,1340
1481086800000000,1344
1481173200000000,1403
1481259600000000,1264
1481346000000000,1188
1481432400000000,1068
1481518800000000,1231
1481605200000000,1322
1481691600000000,1411
1481778000000000,1181
1481864400000000,1125
1481950800000000,1011
1482037200000000,1074
1482123600000000,1273
1482210000000000,1289
1482296400000000,1416
1482382800000000,1355
1482469200000000,1264
1482555600000000,1008
1482642000000000,764
1482728400000000,1027
1482814800000000,1347
1482901200000000,1236
1482987600000000,1183
1483074000000000,1308
1483160400000000,1029
