1262322000000000,324
1262408400000000,372
1262494800000000,382
1262581200000000,464
1262667600000000,463
1262754000000000,448
1262840400000000,467
1262926800000000,488
1263013200000000,467
1263099600000000,512
1263186000000000,565
1263272400000000,565
1263358800000000,553
1263445200000000,499
1263531600000000,551
1263618000000000,525
1263704400000000,445
1263790800000000,482
1263877200000000,527
1263963600000000,511
1264050000000000,556
1264136400000000,474
1264222800000000,539
1264309200000000,485
1264395600000000,590
1264482000000000,552
1264568400000000,554
1264654800000000,572
1264741200000000,551
1264827600000000,516
1264914000000000,549
1265000400000000,549
1265086800000000,628
1265173200000000,612
1265259600000000,501
1265346000000000,489
1265432400000000,490
1265518800000000,509
1265605200000000,613
1265691600000000,556
1265778000000000,511
1265864400000000,536
1265950800000000,490
1266037200000000,520
1266123600000000,442
1266210000000000,502
1266296400000000,609
1266382800000000,584
1266469200000000,511
1266555600000000,518
1266642000000000,538
1266728400000000,514
1266814800000000,624
1266901200000000,583
1266987600000000,549
1267074000000000,545
1267160400000000,541
1267246800000000,565
1267333200000000,480
1267419600000000,615
1267506000000000,538
1267592400000000,532
1267678800000000,525
1267765200000000,536
1267851600000000,473
1267938000000000,533
1268024400000000,594
1268110800000000,579
1268197200000000,621
1268283600000000,574
1268370000000000,591
1268456400000000,471
1268542800000000,489
1268625600000000,580
1268712000000000,626
1268798400000000,628
1268884800000000,601
1268971200000000,518
1269057600000000,508
1269144000000000,506
1269230400000000,641
1269316800000000,598
1269403200000000,610
1269489600000000,646
1269576000000000,545
1269662400000000,519
1269748800000000,567
1269835200000000,583
1269921600000000,659
1270008000000000,590
1270094400000000,505
1270180800000000,536
1270267200000000,463
1270353600000000,471
1270440000000000,599
1270526400000000,585
1270612800000000,555
1270699200000000,541
1270785600000000,523
1270872000000000,551
1270958400000000,497
1271044800000000,635
1271131200000000,638
1271217600000000,609
1271304000000000,539
1271390400000000,494
1271476800000000,569
1271563200000000,521
1271649600000000,688
1271736000000000,586
1271822400000000,592
1271908800000000,626
1271995200000000,552
1272081600000000,544
1272168000000000,517
1272254400000000,680
1272340800000000,641
1272427200000000,595
1272513600000000,617
1272600000000000,534
1272686400000000,542
1272772800000000,478
1272859200000000,592
1272945600000000,568
1273032000000000,621
1273118400000000,634
1273204800000000,597
1273291200000000,493
1273377600000000,485
1273464000000000,633
1273550400000000,596
1273636800000000,566
1273723200000000,623
1273809600000000,616
1273896000000000,492
1273982400000000,462
1274068800000000,582
1274155200000000,609
1274241600000000,583
1274328000000000,610
1274414400000000,555
1274500800000000,476
1274587200000000,495
1274673600000000,605
1274760000000000,627
1274846400000000,579
1274932800000000,550
1275019200000000,520
1275105600000000,529
1275192000000000,448
1275278400000000,569
1275364800000000,622
1275451200000000,627
1275537600000000,547
1275624000000000,569
1275710400000000,499
1275796800000000,522
1275883200000000,652
1275969600000000,581
1276056000000000,583
1276142400000000,600
1276228800000000,520
1276315200000000,534
1276401600000000,479
1276488000000000,541
1276574400000000,592
1276660800000000,560
1276747200000000,646
1276833600000000,640
1276920000000000,484
1277006400000000,525
1277092800000000,665
1277179200000000,616
1277265600000000,579
1277352000000000,611
1277438400000000,559
1277524800000000,501
1277611200000000,555
1277697600000000,655
1277784000000000,562
1277870400000000,604
1277956800000000,577
1278043200000000,624
1278129600000000,496
1278216000000000,428
1278302400000000,501
1278388800000000,540
1278475200000000,565
1278561600000000,566
1278648000000000,518
1278734400000000,496
1278820800000000,528
1278907200000000,626
1278993600000000,617
1279080000000000,631
1279166400000000,541
1279252800000000,595
1279339200000000,543
1279425600000000,538
1279512000000000,685
1279598400000000,596
1279684800000000,602
1279771200000000,618
1279857600000000,614
1279944000000000,483
1280030400000000,529
1280116800000000,619
1280203200000000,605
1280289600000000,615
1280376000000000,576
1280462400000000,547
1280548800000000,499
1280635200000000,472
1280721600000000,616
1280808000000000,591
1280894400000000,568
1280980800000000,609
1281067200000000,512
1281153600000000,499
1281240000000000,501
1281326400000000,622
1281412800000000,532
1281499200000000,547
1281585600000000,567
1281672000000000,562
1281758400000000,500
1281844800000000,447
1281931200000000,605
1282017600000000,558
1282104000000000,644
1282190400000000,563
1282276800000000,607
1282363200000000,497
1282449600000000,429
1282536000000000,688
1282622400000000,575
1282708800000000,602
1282795200000000,554
1282881600000000,536
1282968000000000,562
1283054400000000,502
1283140800000000,543
1283227200000000,519
1283313600000000,614
1283400000000000,531
1283486400000000,553
1283572800000000,509
1283659200000000,474
1283745600000000,427
1283832000000000,513
1283918400000000,564
1284004800000000,558
1284091200000000,539
1284177600000000,507
1284264000000000,456
1284350400000000,559
1284436800000000,574
1284523200000000,569
1284609600000000,576
1284696000000000,519
1284782400000000,527
1284868800000000,515
1284955200000000,602
1285041600000000,540
1285128000000000,578
1285214400000000,598
1285300800000000,581
1285387200000000,529
1285473600000000,476
1285560000000000,587
1285646400000000,564
1285732800000000,596
1285819200000000,671
1285905600000000,604
1285992000000000,521
1286078400000000,494
1286164800000000,563
1286251200000000,588
1286337600000000,529
1286424000000000,520
1286510400000000,500
1286596800000000,522
1286683200000000,480
1286769600000000,677
1286856000000000,554
1286942400000000,661
1287028800000000,582
1287115200000000,550
1287201600000000,481
1287288000000000,454
1287374400000000,650
1287460800000000,598
1287547200000000,578
1287633600000000,526
1287720000000000,602
1287806400000000,479
1287892800000000,522
1287979200000000,572
1288065600000000,584
1288152000000000,526
1288238400000000,561
1288324800000000,544
1288411200000000,543
1288497600000000,515
1288584000000000,622
1288670400000000,597
1288756800000000,565
1288843200000000,607
1288929600000000,543
1289016000000000,502
1289102400000000,437
1289192400000000,531
1289278800000000,496
1289365200000000,609
1289451600000000,439
1289538000000000,521
1289624400000000,449
1289710800000000,508
1289797200000000,601
1289883600000000,582
1289970000000000,567
1290056400000000,635
1290142800000000,578
1290229200000000,558
1290315600000000,438
1290402000000000,532
1290488400000000,634
1290574800000000,507
1290661200000000,378
1290747600000000,490
1290834000000000,440
1290920400000000,417
1291006800000000,538
1291093200000000,614
1291179600000000,598
1291266000000000,484
1291352400000000,568
1291438800000000,491
1291525200000000,471
1291611600000000,599
1291698000000000,636
1291784400000000,576
1291870800000000,531
1291957200000000,583
1292043600000000,610
1292130000000000,508
1292216400000000,615
1292302800000000,662
1292389200000000,556
1292475600000000,536
1292562000000000,648
1292648400000000,460
1292734800000000,425
1292821200000000,499
1292907600000000,556
1292994000000000,540
1293080400000000,632
1293166800000000,498
1293253200000000,308
1293339600000000,435
1293426000000000,561
1293512400000000,523
1293598800000000,555
1293685200000000,507
1293771600000000,450
1293858000000000,515
1293944400000000,346
1294030800000000,546
1294117200000000,588
1294203600000000,550
1294290000000000,579
1294376400000000,599
1294462800000000,496
1294549200000000,492
1294635600000000,542
1294722000000000,515
1294808400000000,578
1294894800000000,539
1294981200000000,563
1295067600000000,532
1295154000000000,509
1295240400000000,575
1295326800000000,582
1295413200000000,601
1295499600000000,612
1295586000000000,604
1295672400000000,493
1295758800000000,467
1295845200000000,599
1295931600000000,613
1296018000000000,540
1296104400000000,592
1296190800000000,533
1296277200000000,484
1296363600000000,489
1296450000000000,558
1296536400000000,529
1296622800000000,576
1296709200000000,509
1296795600000000,515
1296882000000000,451
1296968400000000,450
1297054800000000,598
1297141200000000,522
1297227600000000,525
1297314000000000,546
1297400400000000,607
1297486800000000,464
1297573200000000,456
1297659600000000,534
1297746000000000,546
1297832400000000,587
1297918800000000,528
1298005200000000,565
1298091600000000,426
1298178000000000,431
1298264400000000,507
1298350800000000,496
1298437200000000,587
1298523600000000,510
1298610000000000,457
1298696400000000,505
1298782800000000,408
1298869200000000,562
1298955600000000,557
1299042000000000,538
1299128400000000,545
1299214800000000,544
1299301200000000,505
1299387600000000,455
1299474000000000,608
1299560400000000,578
1299646800000000,539
1299733200000000,590
1299819600000000,568
1299906000000000,500
1299992400000000,436
1300075200000000,593
1300161600000000,526
1300248000000000,569
1300334400000000,554
1300420800000000,583
1300507200000000,475
1300593600000000,396
1300680000000000,600
1300766400000000,577
1300852800000000,539
1300939200000000,558
1301025600000000,545
1301112000000000,534
1301198400000000,525
1301284800000000,615
1301371200000000,575
1301457600000000,629
1301544000000000,578
1301630400000000,583
1301716800000000,488
1301803200000000,476
1301889600000000,683
1301976000000000,580
1302062400000000,576
1302148800000000,547
1302235200000000,508
1302321600000000,460
1302408000000000,506
1302494400000000,531
1302580800000000,580
1302667200000000,549
1302753600000000,540
1302840000000000,454
1302926400000000,536
1303012800000000,472
1303099200000000,549
1303185600000000,570
1303272000000000,600
1303358400000000,537
1303444800000000,518
1303531200000000,491
1303617600000000,427
1303704000000000,634
1303790400000000,639
1303876800000000,612
1303963200000000,570
1304049600000000,513
1304136000000000,489
1304222400000000,461
1304308800000000,596
1304395200000000,562
1304481600000000,614
1304568000000000,520
1304654400000000,529
1304740800000000,455
1304827200000000,410
1304913600000000,631
1305000000000000,617
1305086400000000,612
1305172800000000,570
1305259200000000,544
1305345600000000,446
1305432000000000,448
1305518400000000,606
1305604800000000,588
1305691200000000,553
1305777600000000,620
1305864000000000,528
1305950400000000,526
1306036800000000,509
1306123200000000,640
1306209600000000,622
1306296000000000,627
1306382400000000,582
1306468800000000,587
1306555200000000,457
1306641600000000,453
1306728000000000,545
1306814400000000,586
1306900800000000,570
1306987200000000,566
1307073600000000,490
1307160000000000,473
1307246400000000,430
1307332800000000,643
1307419200000000,629
1307505600000000,540
1307592000000000,624
1307678400000000,522
1307764800000000,550
1307851200000000,467
1307937600000000,622
1308024000000000,622
1308110400000000,609
1308196800000000,566
1308283200000000,534
1308369600000000,532
1308456000000000,493
1308542400000000,580
1308628800000000,616
1308715200000000,583
1308801600000000,582
1308888000000000,561
1308974400000000,450
1309060800000000,552
1309147200000000,619
1309233600000000,617
1309320000000000,640
1309406400000000,547
1309492800000000,502
1309579200000000,455
1309665600000000,479
1309752000000000,421
1309838400000000,647
1309924800000000,601
1310011200000000,558
1310097600000000,547
1310184000000000,474
1310270400000000,425
1310356800000000,568
1310443200000000,622
1310529600000000,592
1310616000000000,575
1310702400000000,588
1310788800000000,456
1310875200000000,481
1310961600000000,626
1311048000000000,598
1311134400000000,517
1311220800000000,585
1311307200000000,570
1311393600000000,516
1311480000000000,455
1311566400000000,711
1311652800000000,594
1311739200000000,597
1311825600000000,542
1311912000000000,550
1311998400000000,529
1312084800000000,520
1312171200000000,608
1312257600000000,595
1312344000000000,661
1312430400000000,596
1312516800000000,537
1312603200000000,467
1312689600000000,493
1312776000000000,535
1312862400000000,575
1312948800000000,522
1313035200000000,546
1313121600000000,571
1313208000000000,525
1313294400000000,500
1313380800000000,567
1313467200000000,617
1313553600000000,578
1313640000000000,531
1313726400000000,518
1313812800000000,511
1313899200000000,499
1313985600000000,583
1314072000000000,565
1314158400000000,533
1314244800000000,572
1314331200000000,516
1314417600000000,499
1314504000000000,513
1314590400000000,680
1314676800000000,544
1314763200000000,578
1314849600000000,522
1314936000000000,509
1315022400000000,469
1315108800000000,495
1315195200000000,451
1315281600000000,571
1315368000000000,563
1315454400000000,593
1315540800000000,546
1315627200000000,399
1315713600000000,475
1315800000000000,532
1315886400000000,535
1315972800000000,597
1316059200000000,549
1316145600000000,562
1316232000000000,480
1316318400000000,486
1316404800000000,563
1316491200000000,599
1316577600000000,529
1316664000000000,593
1316750400000000,519
1316836800000000,481
1316923200000000,531
1317009600000000,648
1317096000000000,578
1317182400000000,594
1317268800000000,559
1317355200000000,616
1317441600000000,471
1317528000000000,461
1317614400000000,610
1317700800000000,568
1317787200000000,451
1317873600000000,552
1317960000000000,511
1318046400000000,394
1318132800000000,472
1318219200000000,584
1318305600000000,585
1318392000000000,535
1318478400000000,558
1318564800000000,572
1318651200000000,477
1318737600000000,435
1318824000000000,635
1318910400000000,627
1318996800000000,674
1319083200000000,576
1319169600000000,598
1319256000000000,502
1319342400000000,412
1319428800000000,614
1319515200000000,601
1319601600000000,568
1319688000000000,573
1319774400000000,547
1319860800000000,494
1319947200000000,429
1320033600000000,693
1320120000000000,629
1320206400000000,577
1320292800000000,572
1320379200000000,527
1320465600000000,429
1320552000000000,448
1320642000000000,556
1320728400000000,545
1320814800000000,567
1320901200000000,607
1320987600000000,444
1321074000000000,497
1321160400000000,485
1321246800000000,622
1321333200000000,574
1321419600000000,606
1321506000000000,547
1321592400000000,596
1321678800000000,539
1321765200000000,469
1321851600000000,665
1321938000000000,613
1322024400000000,496
1322110800000000,411
1322197200000000,484
1322283600000000,457
1322370000000000,486
1322456400000000,662
1322542800000000,590
1322629200000000,612
1322715600000000,576
1322802000000000,539
1322888400000000,419
1322974800000000,497
1323061200000000,545
1323147600000000,561
1323234000000000,587
1323320400000000,571
1323406800000000,506
1323493200000000,460
1323579600000000,485
1323666000000000,570
1323752400000000,578
1323838800000000,552
1323925200000000,558
1324011600000000,581
1324098000000000,476
1324184400000000,452
1324270800000000,632
1324357200000000,539
1324443600000000,563
1324530000000000,577
1324616400000000,477
1324702800000000,487
1324789200000000,332
1324875600000000,385
1324962000000000,557
1325048400000000,553
1325134800000000,561
1325221200000000,556
1325307600000000,508
1325394000000000,505
1325480400000000,500
1325566800000000,582
1325653200000000,626
1325739600000000,564
1325826000000000,497
1325912400000000,476
1325998800000000,456
1326085200000000,585
1326171600000000,557
1326258000000000,496
1326344400000000,598
1326430800000000,506
1326517200000000,461
1326603600000000,437
1326690000000000,560
1326776400000000,565
1326862800000000,637
1326949200000000,635
1327035600000000,545
1327122000000000,499
1327208400000000,468
1327294800000000,594
1327381200000000,571
1327467600000000,613
1327554000000000,599
1327640400000000,545
1327726800000000,546
1327813200000000,522
1327899600000000,636
1327986000000000,623
1328072400000000,517
1328158800000000,547
1328245200000000,532
1328331600000000,413
1328418000000000,446
1328504400000000,574
1328590800000000,585
1328677200000000,610
1328763600000000,497
1328850000000000,502
1328936400000000,507
1329022800000000,402
1329109200000000,594
1329195600000000,493
1329282000000000,590
1329368400000000,561
1329454800000000,513
1329541200000000,439
1329627600000000,461
1329714000000000,503
1329800400000000,616
1329886800000000,566
1329973200000000,571
1330059600000000,506
1330146000000000,510
1330232400000000,480
1330318800000000,638
1330405200000000,578
1330491600000000,521
1330578000000000,616
1330664400000000,529
1330750800000000,509
1330837200000000,442
1330923600000000,601
1331010000000000,535
1331096400000000,592
1331182800000000,557
1331269200000000,506
1331355600000000,500
1331442000000000,430
1331524800000000,594
1331611200000000,527
1331697600000000,580
1331784000000000,596
1331870400000000,540
1331956800000000,397
1332043200000000,428
1332129600000000,571
1332216000000000,556
1332302400000000,579
1332388800000000,566
1332475200000000,595
1332561600000000,492
1332648000000000,433
1332734400000000,534
1332820800000000,511
1332907200000000,662
1332993600000000,658
1333080000000000,558
1333166400000000,478
1333252800000000,449
1333339200000000,593
1333425600000000,587
1333512000000000,488
1333598400000000,483
1333684800000000,502
1333771200000000,467
1333857600000000,401
1333944000000000,566
1334030400000000,561
1334116800000000,569
1334203200000000,610
1334289600000000,482
1334376000000000,428
1334462400000000,495
1334548800000000,655
1334635200000000,667
1334721600000000,596
1334808000000000,555
1334894400000000,549
1334980800000000,478
1335067200000000,507
1335153600000000,571
1335240000000000,545
1335326400000000,646
1335412800000000,560
1335499200000000,572
1335585600000000,480
1335672000000000,505
1335758400000000,682
1335844800000000,584
1335931200000000,576
1336017600000000,552
1336104000000000,593
1336190400000000,491
1336276800000000,473
1336363200000000,625
1336449600000000,547
1336536000000000,563
1336622400000000,585
1336708800000000,532
1336795200000000,524
1336881600000000,457
1336968000000000,614
1337054400000000,608
1337140800000000,596
1337227200000000,614
1337313600000000,554
1337400000000000,462
1337486400000000,501
1337572800000000,634
1337659200000000,548
1337745600000000,618
1337832000000000,624
1337918400000000,637
1338004800000000,430
1338091200000000,424
1338177600000000,552
1338264000000000,679
1338350400000000,593
1338436800000000,592
1338523200000000,605
1338609600000000,508
1338696000000000,452
1338782400000000,633
1338868800000000,597
1338955200000000,673
1339041600000000,589
1339128000000000,535
1339214400000000,556
1339300800000000,450
1339387200000000,585
1339473600000000,566
1339560000000000,605
1339646400000000,604
1339732800000000,569
1339819200000000,476
1339905600000000,484
1339992000000000,673
1340078400000000,575
1340164800000000,584
1340251200000000,586
1340337600000000,567
1340424000000000,462
1340510400000000,503
1340596800000000,616
1340683200000000,545
1340769600000000,577
1340856000000000,576
1340942400000000,568
1341028800000000,485
1341115200000000,502
1341201600000000,575
1341288000000000,574
1341374400000000,447
1341460800000000,594
1341547200000000,515
1341633600000000,505
1341720000000000,445
1341806400000000,557
1341892800000000,632
1341979200000000,559
1342065600000000,506
1342152000000000,630
1342238400000000,484
1342324800000000,482
1342411200000000,628
1342497600000000,641
1342584000000000,563
1342670400000000,557
1342756800000000,560
1342843200000000,495
1342929600000000,429
1343016000000000,684
1343102400000000,610
1343188800000000,635
1343275200000000,594
1343361600000000,512
1343448000000000,429
1343534400000000,486
1343620800000000,623
1343707200000000,619
1343793600000000,559
1343880000000000,578
1343966400000000,558
1344052800000000,488
1344139200000000,427
1344225600000000,640
1344312000000000,531
1344398400000000,606
1344484800000000,539
1344571200000000,582
1344657600000000,494
1344744000000000,504
1344830400000000,605
1344916800000000,630
1345003200000000,592
1345089600000000,632
1345176000000000,588
1345262400000000,512
1345348800000000,442
1345435200000000,696
1345521600000000,600
1345608000000000,626
1345694400000000,552
1345780800000000,649
1345867200000000,524
1345953600000000,532
1346040000000000,584
1346126400000000,628
1346212800000000,590
1346299200000000,595
1346385600000000,603
1346472000000000,424
1346558400000000,431
1346644800000000,537
1346731200000000,631
1346817600000000,558
1346904000000000,599
1346990400000000,598
1347076800000000,461
1347163200000000,488
1347249600000000,634
1347336000000000,567
1347422400000000,575
1347508800000000,640
1347595200000000,576
1347681600000000,506
1347768000000000,565
1347854400000000,541
1347940800000000,585
1348027200000000,643
1348113600000000,573
1348200000000000,566
1348286400000000,535
1348372800000000,527
1348459200000000,629
1348545600000000,608
1348632000000000,577
1348718400000000,646
1348804800000000,569
1348891200000000,496
1348977600000000,480
1349064000000000,627
1349150400000000,606
1349236800000000,574
1349323200000000,576
1349409600000000,566
1349496000000000,500
1349582400000000,485
1349668800000000,572
1349755200000000,535
1349841600000000,570
1349928000000000,554
1350014400000000,539
1350100800000000,435
1350187200000000,458
1350273600000000,650
1350360000000000,613
1350446400000000,592
1350532800000000,588
1350619200000000,550
1350705600000000,514
1350792000000000,525
1350878400000000,630
1350964800000000,577
1351051200000000,586
1351137600000000,602
1351224000000000,595
1351310400000000,514
1351396800000000,502
1351483200000000,642
1351569600000000,610
1351656000000000,583
1351742400000000,617
1351828800000000,550
1351915200000000,486
1352001600000000,488
1352091600000000,616
1352178000000000,568
1352264400000000,535
1352350800000000,554
1352437200000000,516
1352523600000000,466
1352610000000000,433
1352696400000000,436
1352782800000000,631
1352869200000000,540
1352955600000000,576
1353042000000000,528
1353128400000000,498
1353214800000000,454
1353301200000000,580
1353387600000000,492
1353474000000000,481
1353560400000000,367
1353646800000000,448
1353733200000000,429
1353819600000000,507
1353906000000000,668
1353992400000000,588
1354078800000000,567
1354165200000000,556
1354251600000000,514
1354338000000000,589
1354424400000000,459
1354510800000000,567
1354597200000000,550
1354683600000000,566
1354770000000000,560
1354856400000000,545
1354942800000000,469
1355029200000000,434
1355115600000000,527
1355202000000000,618
1355288400000000,536
1355374800000000,580
1355461200000000,527
1355547600000000,469
1355634000000000,465
1355720400000000,576
1355806800000000,545
1355893200000000,540
1355979600000000,505
1356066000000000,513
1356152400000000,446
1356238800000000,430
1356325200000000,518
1356411600000000,374
1356498000000000,495
1356584400000000,525
1356670800000000,565
1356757200000000,513
1356843600000000,436
1356930000000000,503
1357016400000000,447
1357102800000000,596
1357189200000000,526
1357275600000000,510
1357362000000000,511
1357448400000000,462
1357534800000000,537
1357621200000000,524
1357707600000000,539
1357794000000000,537
1357880400000000,562
1357966800000000,430
1358053200000000,390
1358139600000000,492
1358226000000000,566
1358312400000000,538
1358398800000000,548
1358485200000000,500
1358571600000000,480
1358658000000000,468
1358744400000000,542
1358830800000000,601
1358917200000000,547
1359003600000000,583
1359090000000000,546
1359176400000000,473
1359262800000000,457
1359349200000000,524
1359435600000000,670
1359522000000000,595
1359608400000000,518
1359694800000000,523
1359781200000000,481
1359867600000000,470
1359954000000000,586
1360040400000000,502
1360126800000000,557
1360213200000000,458
1360299600000000,470
1360386000000000,411
1360472400000000,381
1360558800000000,465
1360645200000000,516
1360731600000000,547
1360818000000000,515
1360904400000000,528
1360990800000000,426
1361077200000000,486
1361163600000000,489
1361250000000000,626
1361336400000000,563
1361422800000000,590
1361509200000000,498
1361595600000000,463
1361682000000000,452
1361768400000000,572
1361854800000000,555
1361941200000000,541
1362027600000000,513
1362114000000000,571
1362200400000000,487
1362286800000000,429
1362373200000000,570
1362459600000000,521
1362546000000000,561
1362632400000000,584
1362718800000000,532
1362805200000000,492
1362891600000000,398
1362974400000000,527
1363060800000000,574
1363147200000000,526
1363233600000000,551
1363320000000000,549
1363406400000000,469
1363492800000000,442
1363579200000000,593
1363665600000000,584
1363752000000000,585
1363838400000000,574
1363924800000000,550
1364011200000000,446
1364097600000000,430
1364184000000000,605
1364270400000000,567
1364356800000000,566
1364443200000000,529
1364529600000000,527
1364616000000000,473
1364702400000000,439
1364788800000000,523
1364875200000000,511
1364961600000000,531
1365048000000000,542
1365134400000000,534
1365220800000000,425
1365307200000000,460
1365393600000000,616
1365480000000000,545
1365566400000000,512
1365652800000000,506
1365739200000000,572
1365825600000000,468
1365912000000000,461
1365998400000000,565
1366084800000000,544
1366171200000000,557
1366257600000000,538
1366344000000000,507
1366430400000000,453
1366516800000000,465
1366603200000000,581
1366689600000000,547
1366776000000000,543
1366862400000000,545
1366948800000000,581
1367035200000000,453
1367121600000000,500
1367208000000000,584
1367294400000000,562
1367380800000000,604
1367467200000000,534
1367553600000000,538
1367640000000000,448
1367726400000000,416
1367812800000000,649
1367899200000000,509
1367985600000000,546
1368072000000000,575
1368158400000000,534
1368244800000000,444
1368331200000000,464
1368417600000000,568
1368504000000000,590
1368590400000000,562
1368676800000000,582
1368763200000000,603
1368849600000000,450
1368936000000000,509
1369022400000000,629
1369108800000000,558
1369195200000000,550
1369281600000000,592
1369368000000000,543
1369454400000000,428
1369540800000000,415
1369627200000000,456
1369713600000000,638
1369800000000000,619
1369886400000000,550
1369972800000000,563
1370059200000000,506
1370145600000000,434
1370232000000000,570
1370318400000000,586
1370404800000000,583
1370491200000000,568
1370577600000000,537
1370664000000000,434
1370750400000000,448
1370836800000000,612
1370923200000000,525
1371009600000000,554
1371096000000000,570
1371182400000000,581
1371268800000000,418
1371355200000000,499
1371441600000000,615
1371528000000000,582
1371614400000000,579
1371700800000000,531
1371787200000000,547
1371873600000000,514
1371960000000000,476
1372046400000000,646
1372132800000000,494
1372219200000000,551
1372305600000000,580
1372392000000000,496
1372478400000000,483
1372564800000000,479
1372651200000000,576
1372737600000000,567
1372824000000000,538
1372910400000000,433
1372996800000000,551
1373083200000000,407
1373169600000000,471
1373256000000000,566
1373342400000000,548
1373428800000000,573
1373515200000000,542
1373601600000000,569
1373688000000000,500
1373774400000000,423
1373860800000000,569
1373947200000000,559
1374033600000000,571
1374120000000000,595
1374206400000000,549
1374292800000000,489
1374379200000000,481
1374465600000000,609
1374552000000000,638
1374638400000000,549
1374724800000000,578
1374811200000000,566
1374897600000000,429
1374984000000000,493
1375070400000000,547
1375156800000000,653
1375243200000000,564
1375329600000000,591
1375416000000000,474
1375502400000000,488
1375588800000000,385
1375675200000000,622
1375761600000000,559
1375848000000000,554
1375934400000000,593
1376020800000000,530
1376107200000000,477
1376193600000000,473
1376280000000000,661
1376366400000000,625
1376452800000000,600
1376539200000000,557
1376625600000000,619
1376712000000000,522
1376798400000000,449
1376884800000000,577
1376971200000000,612
1377057600000000,635
1377144000000000,548
1377230400000000,581
1377316800000000,538
1377403200000000,469
1377489600000000,615
1377576000000000,633
1377662400000000,636
1377748800000000,656
1377835200000000,539
1377921600000000,497
1378008000000000,491
1378094400000000,494
1378180800000000,628
1378267200000000,600
1378353600000000,574
1378440000000000,561
1378526400000000,469
1378612800000000,479
1378699200000000,622
1378785600000000,617
1378872000000000,570
1378958400000000,595
1379044800000000,534
1379131200000000,520
1379217600000000,448
1379304000000000,573
1379390400000000,560
1379476800000000,602
1379563200000000,552
1379649600000000,525
1379736000000000,463
1379822400000000,428
1379908800000000,567
1379995200000000,578
1380081600000000,570
1380168000000000,516
1380254400000000,540
1380340800000000,521
1380427200000000,482
1380513600000000,574
1380600000000000,544
1380686400000000,523
1380772800000000,524
1380859200000000,590
1380945600000000,463
1381032000000000,440
1381118400000000,577
1381204800000000,535
1381291200000000,525
1381377600000000,550
1381464000000000,506
1381550400000000,440
1381636800000000,430
1381723200000000,539
1381809600000000,575
1381896000000000,545
1381982400000000,544
1382068800000000,536
1382155200000000,507
1382241600000000,475
1382328000000000,587
1382414400000000,553
1382500800000000,555
1382587200000000,546
1382673600000000,601
1382760000000000,475
1382846400000000,469
1382932800000000,588
1383019200000000,583
1383105600000000,502
1383192000000000,530
1383278400000000,552
1383364800000000,448
1383451200000000,459
1383541200000000,559
1383627600000000,529
1383714000000000,583
1383800400000000,517
1383886800000000,524
1383973200000000,476
1384059600000000,445
1384146000000000,522
1384232400000000,540
1384318800000000,593
1384405200000000,602
1384491600000000,520
1384578000000000,443
1384664400000000,462
1384750800000000,577
1384837200000000,525
1384923600000000,538
1385010000000000,544
1385096400000000,518
1385182800000000,423
1385269200000000,443
1385355600000000,477
1385442000000000,545
1385528400000000,514
1385614800000000,368
1385701200000000,444
1385787600000000,441
1385874000000000,460
1385960400000000,602
1386046800000000,544
1386133200000000,528
1386219600000000,500
1386306000000000,532
1386392400000000,376
1386478800000000,434
1386565200000000,480
1386651600000000,500
1386738000000000,500
1386824400000000,515
1386910800000000,572
1386997200000000,415
1387083600000000,447
1387170000000000,609
1387256400000000,550
1387342800000000,578
1387429200000000,472
1387515600000000,443
1387602000000000,453
1387688400000000,458
1387774800000000,494
1387861200000000,500
1387947600000000,337
1388034000000000,478
1388120400000000,539
1388206800000000,403
1388293200000000,458
1388379600000000,529
1388466000000000,520
1388552400000000,481
1388638800000000,491
1388725200000000,492
1388811600000000,440
1388898000000000,434
1388984400000000,519
1389070800000000,470
1389157200000000,475
1389243600000000,514
1389330000000000,493
1389416400000000,448
1389502800000000,429
1389589200000000,511
1389675600000000,529
1389762000000000,588
1389848400000000,517
1389934800000000,507
1390021200000000,486
1390107600000000,359
1390194000000000,552
1390280400000000,554
1390366800000000,515
1390453200000000,520
1390539600000000,571
1390626000000000,489
1390712400000000,463
1390798800000000,513
1390885200000000,536
1390971600000000,569
1391058000000000,545
1391144400000000,475
1391230800000000,504
1391317200000000,419
1391403600000000,546
1391490000000000,466
1391576400000000,519
1391662800000000,509
1391749200000000,466
1391835600000000,415
1391922000000000,422
1392008400000000,508
1392094800000000,499
1392181200000000,541
1392267600000000,511
1392354000000000,456
1392440400000000,382
1392526800000000,457
1392613200000000,505
1392699600000000,533
1392786000000000,515
1392872400000000,524
1392958800000000,597
1393045200000000,439
1393131600000000,458
1393218000000000,528
1393304400000000,537
1393390800000000,513
1393477200000000,515
1393563600000000,462
1393650000000000,404
1393736400000000,450
1393822800000000,578
1393909200000000,516
1393995600000000,497
1394082000000000,535
1394168400000000,496
1394254800000000,398
1394341200000000,421
1394424000000000,571
1394510400000000,530
1394596800000000,578
1394683200000000,491
1394769600000000,486
1394856000000000,497
1394942400000000,423
1395028800000000,530
1395115200000000,567
1395201600000000,529
1395288000000000,549
1395374400000000,501
1395460800000000,432
1395547200000000,428
1395633600000000,577
1395720000000000,539
1395806400000000,555
1395892800000000,533
1395979200000000,539
1396065600000000,415
1396152000000000,494
1396238400000000,570
1396324800000000,540
1396411200000000,543
1396497600000000,501
1396584000000000,510
1396670400000000,428
1396756800000000,425
1396843200000000,533
1396929600000000,529
1397016000000000,535
1397102400000000,562
1397188800000000,552
1397275200000000,426
1397361600000000,398
1397448000000000,559
1397534400000000,539
1397620800000000,553
1397707200000000,469
1397793600000000,499
1397880000000000,538
1397966400000000,404
1398052800000000,568
1398139200000000,539
1398225600000000,528
1398312000000000,605
1398398400000000,571
1398484800000000,465
1398571200000000,439
1398657600000000,594
1398744000000000,578
1398830400000000,625
1398916800000000,542
1399003200000000,576
1399089600000000,484
1399176000000000,486
1399262400000000,547
1399348800000000,504
1399435200000000,568
1399521600000000,551
1399608000000000,559
1399694400000000,428
1399780800000000,424
1399867200000000,552
1399953600000000,562
1400040000000000,545
1400126400000000,562
1400212800000000,556
1400299200000000,485
1400385600000000,482
1400472000000000,549
1400558400000000,601
1400644800000000,575
1400731200000000,582
1400817600000000,540
1400904000000000,516
1400990400000000,468
1401076800000000,472
1401163200000000,608
1401249600000000,634
1401336000000000,605
1401422400000000,530
1401508800000000,502
1401595200000000,460
1401681600000000,563
1401768000000000,546
1401854400000000,562
1401940800000000,591
1402027200000000,583
1402113600000000,485
1402200000000000,455
1402286400000000,619
1402372800000000,552
1402459200000000,563
1402545600000000,545
1402632000000000,539
1402718400000000,458
1402804800000000,465
1402891200000000,646
1402977600000000,585
1403064000000000,592
1403150400000000,604
1403236800000000,590
1403323200000000,471
1403409600000000,421
1403496000000000,590
1403582400000000,588
1403668800000000,571
1403755200000000,555
1403841600000000,506
1403928000000000,540
1404014400000000,483
1404100800000000,690
1404187200000000,537
1404273600000000,530
1404360000000000,522
1404446400000000,550
1404532800000000,510
1404619200000000,439
1404705600000000,696
1404792000000000,553
1404878400000000,559
1404964800000000,526
1405051200000000,554
1405137600000000,494
1405224000000000,526
1405310400000000,648
1405396800000000,650
1405483200000000,583
1405569600000000,574
1405656000000000,610
1405742400000000,489
1405828800000000,480
1405915200000000,638
1406001600000000,611
1406088000000000,551
1406174400000000,613
1406260800000000,544
1406347200000000,526
1406433600000000,519
1406520000000000,602
1406606400000000,637
1406692800000000,611
1406779200000000,561
1406865600000000,583
1406952000000000,482
1407038400000000,445
1407124800000000,558
1407211200000000,563
1407297600000000,506
1407384000000000,523
1407470400000000,556
1407556800000000,487
1407643200000000,481
1407729600000000,579
1407816000000000,573
1407902400000000,564
1407988800000000,585
1408075200000000,528
1408161600000000,533
1408248000000000,449
1408334400000000,639
1408420800000000,603
1408507200000000,598
1408593600000000,634
1408680000000000,583
1408766400000000,472
1408852800000000,443
1408939200000000,645
1409025600000000,598
1409112000000000,585
1409198400000000,558
1409284800000000,549
1409371200000000,520
1409457600000000,449
1409544000000000,549
1409630400000000,620
1409716800000000,507
1409803200000000,644
1409889600000000,535
1409976000000000,476
1410062400000000,515
1410148800000000,617
1410235200000000,603
1410321600000000,574
1410408000000000,596
1410494400000000,576
1410580800000000,499
1410667200000000,464
1410753600000000,597
1410840000000000,635
1410926400000000,595
1411012800000000,598
1411099200000000,556
1411185600000000,506
1411272000000000,467
1411358400000000,642
1411444800000000,591
1411531200000000,652
1411617600000000,601
1411704000000000,614
1411790400000000,488
1411876800000000,508
1411963200000000,601
1412049600000000,574
1412136000000000,568
1412222400000000,584
1412308800000000,554
1412395200000000,493
1412481600000000,555
1412568000000000,572
1412654400000000,627
1412740800000000,574
1412827200000000,553
1412913600000000,593
1413000000000000,447
1413086400000000,485
1413172800000000,565
1413259200000000,625
1413345600000000,635
1413432000000000,533
1413518400000000,481
1413604800000000,523
1413691200000000,536
1413777600000000,625
1413864000000000,546
1413950400000000,608
1414036800000000,622
1414123200000000,554
1414209600000000,498
1414296000000000,423
1414382400000000,617
1414468800000000,601
1414555200000000,592
1414641600000000,591
1414728000000000,517
1414814400000000,464
1414900800000000,474
1414990800000000,673
1415077200000000,610
1415163600000000,541
1415250000000000,567
1415336400000000,570
1415422800000000,435
1415509200000000,495
1415595600000000,618
1415682000000000,531
1415768400000000,578
1415854800000000,590
1415941200000000,554
1416027600000000,476
1416114000000000,454
1416200400000000,647
1416286800000000,545
1416373200000000,570
1416459600000000,604
1416546000000000,524
1416632400000000,481
1416718800000000,461
1416805200000000,563
1416891600000000,509
1416978000000000,461
1417064400000000,403
1417150800000000,498
1417237200000000,443
1417323600000000,439
1417410000000000,618
1417496400000000,579
1417582800000000,543
1417669200000000,599
1417755600000000,570
1417842000000000,487
1417928400000000,499
1418014800000000,657
1418101200000000,530
1418187600000000,619
1418274000000000,586
1418360400000000,530
1418446800000000,469
1418533200000000,430
1418619600000000,675
1418706000000000,600
1418792400000000,581
1418878800000000,668
1418965200000000,555
1419051600000000,489
1419138000000000,509
1419224400000000,702
1419310800000000,588
1419397200000000,471
1419483600000000,409
1419570000000000,536
1419656400000000,478
1419742800000000,481
1419829200000000,556
1419915600000000,564
1420002000000000,497
1420088400000000,493
1420174800000000,478
1420261200000000,452
1420347600000000,483
1420434000000000,636
1420520400000000,574
1420606800000000,573
1420693200000000,590
1420779600000000,617
1420866000000000,497
1420952400000000,515
1421038800000000,667
1421125200000000,570
1421211600000000,553
1421298000000000,595
1421384400000000,594
1421470800000000,502
1421557200000000,415
1421643600000000,583
1421730000000000,571
1421816400000000,604
1421902800000000,632
1421989200000000,635
1422075600000000,563
1422162000000000,472
1422248400000000,671
1422334800000000,608
1422421200000000,632
1422507600000000,662
1422594000000000,604
1422680400000000,504
1422766800000000,495
1422853200000000,618
1422939600000000,550
1423026000000000,603
1423112400000000,607
1423198800000000,573
1423285200000000,526
1423371600000000,522
1423458000000000,543
1423544400000000,576
1423630800000000,618
1423717200000000,618
1423803600000000,578
1423890000000000,555
1423976400000000,470
1424062800000000,604
1424149200000000,606
1424235600000000,654
1424322000000000,610
1424408400000000,528
1424494800000000,563
1424581200000000,567
1424667600000000,585
1424754000000000,595
1424840400000000,583
1424926800000000,603
1425013200000000,616
1425099600000000,523
1425186000000000,422
1425272400000000,606
1425358800000000,613
1425445200000000,632
1425531600000000,625
1425618000000000,570
1425704400000000,499
1425790800000000,422
1425873600000000,582
1425960000000000,693
1426046400000000,598
1426132800000000,568
1426219200000000,626
1426305600000000,508
1426392000000000,526
1426478400000000,648
1426564800000000,634
1426651200000000,593
1426737600000000,618
1426824000000000,600
1426910400000000,543
1426996800000000,432
1427083200000000,699
1427169600000000,596
1427256000000000,680
1427342400000000,663
1427428800000000,551
1427515200000000,548
1427601600000000,496
1427688000000000,570
1427774400000000,609
1427860800000000,626
1427947200000000,555
1428033600000000,632
1428120000000000,517
1428206400000000,431
1428292800000000,546
1428379200000000,623
1428465600000000,559
1428552000000000,590
1428638400000000,553
1428724800000000,506
1428811200000000,483
1428897600000000,622
1428984000000000,661
1429070400000000,655
1429156800000000,615
1429243200000000,615
1429329600000000,551
1429416000000000,448
1429502400000000,646
1429588800000000,613
1429675200000000,649
1429761600000000,576
1429848000000000,558
1429934400000000,524
1430020800000000,472
1430107200000000,596
1430193600000000,692
1430280000000000,593
1430366400000000,600
1430452800000000,695
1430539200000000,459
1430625600000000,534
1430712000000000,577
1430798400000000,581
1430884800000000,598
1430971200000000,623
1431057600000000,544
1431144000000000,522
1431230400000000,422
1431316800000000,683
1431403200000000,642
1431489600000000,563
1431576000000000,596
1431662400000000,561
1431748800000000,515
1431835200000000,511
1431921600000000,632
1432008000000000,577
1432094400000000,636
1432180800000000,681
1432267200000000,575
1432353600000000,475
1432440000000000,528
1432526400000000,516
1432612800000000,703
1432699200000000,605
1432785600000000,596
1432872000000000,611
1432958400000000,581
1433044800000000,503
1433131200000000,610
1433217600000000,629
1433304000000000,592
1433390400000000,605
1433476800000000,572
1433563200000000,491
1433649600000000,432
1433736000000000,647
1433822400000000,573
1433908800000000,631
1433995200000000,605
1434081600000000,622
1434168000000000,481
1434254400000000,497
1434340800000000,620
1434427200000000,597
1434513600000000,619
1434600000000000,604
1434686400000000,626
1434772800000000,518
1434859200000000,450
1434945600000000,688
1435032000000000,653
1435118400000000,664
1435204800000000,563
1435291200000000,626
1435377600000000,559
1435464000000000,512
1435550400000000,736
1435636800000000,609
1435723200000000,612
1435809600000000,575
1435896000000000,543
1435982400000000,441
1436068800000000,508
1436155200000000,692
1436241600000000,643
1436328000000000,652
1436414400000000,588
1436500800000000,568
1436587200000000,473
1436673600000000,538
1436760000000000,665
1436846400000000,633
1436932800000000,635
1437019200000000,565
1437105600000000,654
1437192000000000,468
1437278400000000,511
1437364800000000,682
1437451200000000,676
1437537600000000,629
1437624000000000,688
1437710400000000,656
1437796800000000,499
1437883200000000,558
1437969600000000,667
1438056000000000,721
1438142400000000,692
1438228800000000,682
1438315200000000,622
1438401600000000,567
1438488000000000,578
1438574400000000,704
1438660800000000,621
1438747200000000,621
1438833600000000,638
1438920000000000,653
1439006400000000,498
1439092800000000,477
1439179200000000,636
1439265600000000,580
1439352000000000,643
1439438400000000,578
1439524800000000,629
1439611200000000,496
1439697600000000,546
1439784000000000,722
1439870400000000,615
1439956800000000,638
1440043200000000,653
1440129600000000,673
1440216000000000,503
1440302400000000,569
1440388800000000,726
1440475200000000,735
1440561600000000,603
1440648000000000,723
1440734400000000,655
1440820800000000,564
1440907200000000,540
1440993600000000,724
1441080000000000,628
1441166400000000,604
1441252800000000,580
1441339200000000,636
1441425600000000,476
1441512000000000,493
1441598400000000,545
1441684800000000,653
1441771200000000,668
1441857600000000,657
1441944000000000,612
1442030400000000,552
1442116800000000,516
1442203200000000,638
1442289600000000,673
1442376000000000,579
1442462400000000,624
1442548800000000,645
1442635200000000,528
1442721600000000,550
1442808000000000,674
1442894400000000,668
1442980800000000,726
1443067200000000,661
1443153600000000,654
1443240000000000,576
1443326400000000,582
1443412800000000,607
1443499200000000,701
1443585600000000,670
1443672000000000,576
1443758400000000,605
1443844800000000,590
1443931200000000,509
1444017600000000,597
1444104000000000,641
1444190400000000,611
1444276800000000,614
1444363200000000,591
1444449600000000,577
1444536000000000,509
1444622400000000,746
1444708800000000,630
1444795200000000,635
1444881600000000,649
1444968000000000,651
1445054400000000,563
1445140800000000,599
1445227200000000,661
1445313600000000,648
1445400000000000,641
1445486400000000,669
1445572800000000,616
1445659200000000,480
1445745600000000,550
1445832000000000,732
1445918400000000,663
1446004800000000,638
1446091200000000,664
1446177600000000,598
1446264000000000,601
1446350400000000,602
1446440400000000,644
1446526800000000,577
1446613200000000,629
1446699600000000,603
1446786000000000,542
1446872400000000,492
1446958800000000,481
1447045200000000,627
1447131600000000,577
1447218000000000,519
1447304400000000,598
1447390800000000,625
1447477200000000,528
1447563600000000,526
1447650000000000,639
1447736400000000,655
1447822800000000,601
1447909200000000,588
1447995600000000,593
1448082000000000,542
1448168400000000,559
1448254800000000,671
1448341200000000,627
1448427600000000,558
1448514000000000,396
1448600400000000,527
1448686800000000,454
1448773200000000,564
1448859600000000,659
1448946000000000,662
1449032400000000,585
1449118800000000,685
1449205200000000,607
1449291600000000,498
1449378000000000,537
1449464400000000,658
1449550800000000,618
1449637200000000,627
1449723600000000,646
1449810000000000,623
1449896400000000,495
1449982800000000,544
1450069200000000,577
1450155600000000,696
1450242000000000,648
1450328400000000,604
1450414800000000,536
1450501200000000,506
1450587600000000,520
1450674000000000,706
1450760400000000,647
1450846800000000,594
1450933200000000,572
1451019600000000,361
1451106000000000,499
1451192400000000,447
1451278800000000,600
1451365200000000,641
1451451600000000,613
1451538000000000,521
1451624400000000,552
1451710800000000,497
1451797200000000,503
1451883600000000,651
1451970000000000,617
1452056400000000,580
1452142800000000,657
1452229200000000,566
1452315600000000,520
1452402000000000,490
1452488400000000,624
1452574800000000,667
1452661200000000,596
1452747600000000,633
1452834000000000,645
1452920400000000,561
1453006800000000,539
1453093200000000,647
1453179600000000,601
1453266000000000,689
1453352400000000,674
1453438800000000,747
1453525200000000,579
1453611600000000,510
1453698000000000,685
1453784400000000,622
1453870800000000,630
1453957200000000,644
1454043600000000,642
1454130000000000,574
1454216400000000,536
1454302800000000,618
1454389200000000,664
1454475600000000,653
1454562000000000,617
1454648400000000,640
1454734800000000,504
1454821200000000,500
1454907600000000,709
1454994000000000,644
1455080400000000,669
1455166800000000,630
1455253200000000,572
1455339600000000,493
1455426000000000,457
1455512400000000,558
1455598800000000,701
1455685200000000,570
1455771600000000,617
1455858000000000,669
1455944400000000,512
1456030800000000,562
1456117200000000,662
1456203600000000,660
1456290000000000,661
1456376400000000,641
1456462800000000,617
1456549200000000,538
1456635600000000,544
1456722000000000,674
1456808400000000,617
1456894800000000,612
1456981200000000,564
1457067600000000,555
1457154000000000,487
1457240400000000,529
1457326800000000,663
1457413200000000,669
1457499600000000,628
1457586000000000,600
1457672400000000,564
1457758800000000,513
1457845200000000,528
1457928000000000,657
1458014400000000,618
1458100800000000,683
1458187200000000,591
1458273600000000,599
1458360000000000,547
1458446400000000,526
1458532800000000,663
1458619200000000,596
1458705600000000,670
1458792000000000,601
1458878400000000,601
1458964800000000,558
1459051200000000,488
1459137600000000,642
1459224000000000,633
1459310400000000,668
1459396800000000,606
1459483200000000,630
1459569600000000,544
1459656000000000,537
1459742400000000,676
1459828800000000,658
1459915200000000,641
1460001600000000,638
1460088000000000,590
1460174400000000,560
1460260800000000,562
1460347200000000,707
1460433600000000,656
1460520000000000,595
1460606400000000,683
1460692800000000,724
1460779200000000,536
1460865600000000,590
1460952000000000,684
1461038400000000,691
1461124800000000,687
1461211200000000,626
1461297600000000,639
1461384000000000,565
1461470400000000,525
1461556800000000,704
1461643200000000,682
1461729600000000,632
1461816000000000,626
1461902400000000,606
1461988800000000,515
1462075200000000,580
1462161600000000,693
1462248000000000,679
1462334400000000,612
1462420800000000,589
1462507200000000,605
1462593600000000,549
1462680000000000,587
1462766400000000,588
1462852800000000,585
1462939200000000,608
1463025600000000,643
1463112000000000,581
1463198400000000,571
1463284800000000,554
1463371200000000,695
1463457600000000,684
1463544000000000,624
1463630400000000,670
1463716800000000,633
1463803200000000,566
1463889600000000,558
1463976000000000,715
1464062400000000,658
1464148800000000,679
1464235200000000,674
1464321600000000,627
1464408000000000,561
1464494400000000,506
1464580800000000,582
1464667200000000,729
1464753600000000,649
1464840000000000,641
1464926400000000,629
1465012800000000,538
1465099200000000,552
1465185600000000,677
1465272000000000,597
1465358400000000,644
1465444800000000,653
1465531200000000,634
1465617600000000,578
1465704000000000,556
1465790400000000,687
1465876800000000,657
1465963200000000,642
1466049600000000,685
1466136000000000,685
1466222400000000,529
1466308800000000,522
1466395200000000,676
1466481600000000,677
1466568000000000,716
1466654400000000,718
1466740800000000,599
1466827200000000,536
1466913600000000,633
1467000000000000,742
1467086400000000,646
1467172800000000,726
1467259200000000,635
1467345600000000,585
1467432000000000,554
1467518400000000,490
1467604800000000,510
1467691200000000,760
1467777600000000,706
1467864000000000,573
1467950400000000,701
1468036800000000,514
1468123200000000,583
1468209600000000,659
1468296000000000,648
1468382400000000,699
1468468800000000,569
1468555200000000,666
1468641600000000,595
1468728000000000,527
1468814400000000,701
1468900800000000,700
1468987200000000,697
1469073600000000,652
1469160000000000,627
1469246400000000,579
1469332800000000,521
1469419200000000,665
1469505600000000,713
1469592000000000,660
1469678400000000,653
1469764800000000,632
1469851200000000,614
1469937600000000,570
1470024000000000,715
1470110400000000,729
1470196800000000,664
1470283200000000,683
1470369600000000,616
1470456000000000,558
1470542400000000,515
1470628800000000,722
1470715200000000,639
1470801600000000,612
1470888000000000,659
1470974400000000,614
1471060800000000,579
1471147200000000,526
1471233600000000,680
1471320000000000,644
1471406400000000,668
1471492800000000,646
1471579200000000,639
1471665600000000,583
1471752000000000,540
1471838400000000,735
1471924800000000,717
1472011200000000,648
1472097600000000,655
1472184000000000,650
1472270400000000,562
1472356800000000,588
1472443200000000,661
1472529600000000,698
1472616000000000,663
1472702400000000,664
1472788800000000,620
1472875200000000,548
1472961600000000,527
1473048000000000,600
1473134400000000,691
1473220800000000,597
1473307200000000,686
1473393600000000,580
1473480000000000,573
1473566400000000,513
1473652800000000,598
1473739200000000,657
1473825600000000,580
1473912000000000,611
1473998400000000,611
1474084800000000,534
1474171200000000,555
1474257600000000,680
1474344000000000,740
1474430400000000,668
1474516800000000,672
1474603200000000,639
1474689600000000,538
1474776000000000,567
1474862400000000,701
1474948800000000,656
1475035200000000,710
1475121600000000,621
1475208000000000,646
1475294400000000,546
1475380800000000,601
1475467200000000,666
1475553600000000,624
1475640000000000,666
1475726400000000,647
1475812800000000,599
1475899200000000,535
1475985600000000,523
1476072000000000,702
1476158400000000,718
1476244800000000,660
1476331200000000,661
1476417600000000,651
1476504000000000,492
1476590400000000,568
1476676800000000,708
1476763200000000,671
1476849600000000,689
1476936000000000,658
1477022400000000,601
1477108800000000,528
1477195200000000,626
1477281600000000,731
1477368000000000,728
1477454400000000,734
1477540800000000,604
1477627200000000,635
1477713600000000,551
1477800000000000,609
1477886400000000,718
1477972800000000,734
1478059200000000,663
1478145600000000,650
1478232000000000,601
1478318400000000,558
1478404800000000,498
1478494800000000,707
1478581200000000,658
1478667600000000,620
1478754000000000,633
1478840400000000,613
1478926800000000,485
1479013200000000,571
1479099600000000,664
1479186000000000,617
1479272400000000,623
1479358800000000,620
1479445200000000,657
1479531600000000,524
1479618000000000,496
1479704400000000,679
1479790800000000,692
1479877200000000,545
1479963600000000,474
1480050000000000,520
1480136400000000,468
1480222800000000,545
1480309200000000,745
1480395600000000,667
1480482000000000,584
1480568400000000,580
1480654800000000,636
1480741200000000,557
1480827600000000,537
1480914000000000,606
1481000400000000,712
1481086800000000,641
1481173200000000,581
1481259600000000,665
1481346000000000,602
1481432400000000,554
1481518800000000,664
1481605200000000,684
1481691600000000,685
1481778000000000,681
1481864400000000,630
1481950800000000,493
1482037200000000,588
1482123600000000,676
1482210000000000,681
1482296400000000,597
1482382800000000,667
1482469200000000,586
1482555600000000,471
1482642000000000,376
1482728400000000,526
1482814800000000,692
1482901200000000,608
1482987600000000,667
1483074000000000,636
1483160400000000,476
1483246800000000,549
1483333200000000,613
1483419600000000,628
1483506000000000,617
1483592400000000,613
1483678800000000,579
1483765200000000,548
1483851600000000,550
1483938000000000,700
1484024400000000,689
1484110800000000,676
1484197200000000,619
1484283600000000,598
1484370000000000,558
1484456400000000,552
1484542800000000,624
1484629200000000,749
1484715600000000,623
1484802000000000,639
1484888400000000,664
1484974800000000,578
1485061200000000,467
1485147600000000,681
1485234000000000,707
1485320400000000,656
1485406800000000,631
1485493200000000,620
1485579600000000,583
1485666000000000,533
1485752400000000,685
1485838800000000,693
1485925200000000,733
1486011600000000,650
1486098000000000,589
1486184400000000,551
1486270800000000,539
1486357200000000,731
1486443600000000,704
1486530000000000,622
1486616400000000,637
1486702800000000,607
1486789200000000,569
1486875600000000,567
1486962000000000,681
1487048400000000,636
1487134800000000,639
1487221200000000,604
1487307600000000,518
1487394000000000,564
1487480400000000,544
1487566800000000,686
1487653200000000,704
1487739600000000,709
1487826000000000,619
1487912400000000,561
1487998800000000,494
1488085200000000,532
1488171600000000,725
1488258000000000,662
1488344400000000,658
1488430800000000,660
1488517200000000,616
1488603600000000,559
1488690000000000,517
1488776400000000,613
1488862800000000,682
1488949200000000,621
1489035600000000,632
1489122000000000,602
1489208400000000,564
1489294800000000,482
1489377600000000,714
1489464000000000,697
1489550400000000,694
1489636800000000,646
1489723200000000,629
1489809600000000,547
1489896000000000,550
1489982400000000,695
1490068800000000,672
1490155200000000,647
1490241600000000,722
1490328000000000,626
1490414400000000,562
1490500800000000,544
1490587200000000,728
1490673600000000,695
1490760000000000,706
1490846400000000,655
1490932800000000,637
1491019200000000,549
1491105600000000,532
1491192000000000,681
1491278400000000,721
1491364800000000,703
1491451200000000,657
1491537600000000,568
1491624000000000,539
1491710400000000,573
1491796800000000,694
1491883200000000,614
1491969600000000,608
1492056000000000,593
1492142400000000,561
1492228800000000,523
1492315200000000,490
1492401600000000,683
1492488000000000,730
1492574400000000,724
1492660800000000,651
1492747200000000,614
1492833600000000,564
1492920000000000,560
1493006400000000,701
1493092800000000,695
1493179200000000,728
1493265600000000,681
1493352000000000,661
1493438400000000,541
1493524800000000,628
1493611200000000,710
1493697600000000,662
1493784000000000,696
1493870400000000,638
1493956800000000,657
1494043200000000,553
1494129600000000,472
1494216000000000,699
1494302400000000,669
1494388800000000,631
1494475200000000,676
1494561600000000,640
1494648000000000,503
1494734400000000,497
1494820800000000,686
1494907200000000,640
1494993600000000,656
1495080000000000,650
1495166400000000,635
1495252800000000,528
1495339200000000,515
1495425600000000,754
1495512000000000,727
1495598400000000,698
1495684800000000,709
1495771200000000,693
1495857600000000,572
1495944000000000,599
1496030400000000,552
1496116800000000,669
1496203200000000,714
1496289600000000,721
1496376000000000,674
1496462400000000,569
1496548800000000,532
1496635200000000,749
1496721600000000,710
1496808000000000,663
1496894400000000,651
1496980800000000,593
1497067200000000,537
1497153600000000,519
1497240000000000,670
1497326400000000,696
1497412800000000,645
1497499200000000,676
1497585600000000,631
1497672000000000,509
1497758400000000,589
1497844800000000,651
1497931200000000,677
1498017600000000,665
1498104000000000,683
1498190400000000,649
1498276800000000,604
1498363200000000,618
1498449600000000,710
1498536000000000,709
1498622400000000,680
1498708800000000,659
1498795200000000,633
1498881600000000,537
1498968000000000,554
1499054400000000,707
1499140800000000,497
1499227200000000,700
1499313600000000,698
1499400000000000,650
1499486400000000,534
1499572800000000,586
1499659200000000,731
1499745600000000,670
1499832000000000,685
1499918400000000,722
1500004800000000,578
1500091200000000,590
1500177600000000,564
1500264000000000,760
1500350400000000,660
1500436800000000,747
1500523200000000,716
1500609600000000,665
1500696000000000,601
1500782400000000,607
1500868800000000,783
1500955200000000,737
1501041600000000,691
1501128000000000,703
1501214400000000,675
1501300800000000,550
1501387200000000,607
1501473600000000,737
1501560000000000,706
1501646400000000,720
1501732800000000,673
1501819200000000,673
1501905600000000,535
1501992000000000,555
1502078400000000,805
1502164800000000,649
1502251200000000,659
1502337600000000,658
1502424000000000,629
1502510400000000,570
1502596800000000,548
1502683200000000,695
1502769600000000,715
1502856000000000,646
1502942400000000,673
1503028800000000,640
1503115200000000,544
1503201600000000,577
1503288000000000,707
1503374400000000,706
1503460800000000,674
1503547200000000,702
1503633600000000,640
1503720000000000,621
1503806400000000,600
1503892800000000,758
1503979200000000,692
1504065600000000,685
1504152000000000,746
1504238400000000,667
1504324800000000,562
1504411200000000,570
1504497600000000,562
1504584000000000,742
1504670400000000,680
1504756800000000,690
1504843200000000,654
1504929600000000,589
1505016000000000,552
1505102400000000,751
1505188800000000,723
1505275200000000,713
1505361600000000,628
1505448000000000,713
1505534400000000,614
1505620800000000,589
1505707200000000,725
1505793600000000,709
1505880000000000,658
1505966400000000,691
1506052800000000,663
1506139200000000,589
1506225600000000,584
1506312000000000,683
1506398400000000,662
1506484800000000,710
1506571200000000,695
1506657600000000,670
1506744000000000,597
1506830400000000,626
1506916800000000,674
1507003200000000,657
1507089600000000,666
1507176000000000,667
1507262400000000,627
1507348800000000,626
1507435200000000,619
1507521600000000,669
1507608000000000,669
1507694400000000,596
1507780800000000,651
1507867200000000,687
1507953600000000,595
1508040000000000,603
1508126400000000,740
1508212800000000,698
1508299200000000,694
1508385600000000,666
1508472000000000,727
1508558400000000,612
1508644800000000,638
1508731200000000,771
1508817600000000,691
1508904000000000,732
1508990400000000,733
1509076800000000,704
1509163200000000,642
1509249600000000,571
1509336000000000,706
1509422400000000,657
1509508800000000,696
1509595200000000,658
1509681600000000,689
1509768000000000,584
1509854400000000,629
1509944400000000,702
1510030800000000,668
1510117200000000,678
1510203600000000,623
1510290000000000,620
1510376400000000,576
1510462800000000,575
1510549200000000,678
1510635600000000,736
1510722000000000,666
1510808400000000,720
1510894800000000,624
1510981200000000,557
1511067600000000,520
1511154000000000,715
1511240400000000,698
1511326800000000,637
1511413200000000,480
1511499600000000,606
1511586000000000,541
1511672400000000,599
1511758800000000,697
1511845200000000,762
1511931600000000,704
1512018000000000,703
1512104400000000,622
1512190800000000,582
1512277200000000,557
1512363600000000,673
1512450000000000,599
1512536400000000,595
1512622800000000,625
1512709200000000,609
1512795600000000,542
1512882000000000,582
1512968400000000,716
1513054800000000,718
1513141200000000,625
1513227600000000,667
1513314000000000,733
1513400400000000,473
1513486800000000,558
1513573200000000,794
1513659600000000,683
1513746000000000,608
1513832400000000,711
1513918800000000,614
1514005200000000,558
1514091600000000,488
1514178000000000,434
1514264400000000,602
1514350800000000,646
1514437200000000,608
1514523600000000,629
1514610000000000,579
1514696400000000,493
1514782800000000,559
1514869200000000,617
1514955600000000,608
1515042000000000,649
1515128400000000,638
1515214800000000,542
1515301200000000,539
1515387600000000,667
1515474000000000,667
1515560400000000,569
1515646800000000,564
1515733200000000,609
1515819600000000,576
1515906000000000,624
1515992400000000,655
1516078800000000,678
1516165200000000,620
1516251600000000,659
1516338000000000,666
1516424400000000,604
1516510800000000,567
1516597200000000,702
1516683600000000,663
1516770000000000,686
1516856400000000,624
1516942800000000,691
1517029200000000,552
1517115600000000,563
1517202000000000,767
1517288400000000,732
1517374800000000,708
1517461200000000,683
1517547600000000,633
1517634000000000,589
1517720400000000,545
1517806800000000,671
1517893200000000,673
1517979600000000,756
1518066000000000,671
1518152400000000,677
1518238800000000,532
1518325200000000,506
1518411600000000,666
1518498000000000,642
1518584400000000,642
1518670800000000,655
1518757200000000,714
1518843600000000,597
1518930000000000,562
1519016400000000,620
1519102800000000,645
1519189200000000,684
1519275600000000,591
1519362000000000,637
1519448400000000,510
1519534800000000,493
1519621200000000,679
1519707600000000,651
1519794000000000,649
1519880400000000,678
1519966800000000,584
1520053200000000,513
1520139600000000,520
1520226000000000,652
1520312400000000,680
1520398800000000,616
1520485200000000,666
1520571600000000,675
1520658000000000,529
1520744400000000,534
1520827200000000,675
1520913600000000,678
1521000000000000,616
1521086400000000,619
1521172800000000,621
1521259200000000,451
1521345600000000,519
1521432000000000,679
1521518400000000,529
1521604800000000,546
1521691200000000,409
1521777600000000,234
1521864000000000,74
