1,29496
2,77
3,66
4,44
5,9098
6,34
7,33
8,36
9,28
10,3320
11,40
12,39
13,42
14,30
15,3628
16,27
17,33
18,43
19,33
20,2293
21,16
22,40
23,38
24,40
25,1062
26,36
27,29
28,30
29,20
30,11719
31,22
32,30
33,40
34,35
35,952
36,31
37,29
38,25
39,15
40,1859
41,26
42,36
43,45
44,29
45,2803
46,19
47,33
48,27
49,14
50,1817
51,23
52,22
53,24
54,23
55,805
56,23
57,34
58,28
59,38
100,20967
101,16
102,29
103,15
104,24
105,802
106,36
107,31
108,36
109,29
110,1781
111,26
112,43
113,31
114,23
115,2485
116,32
117,37
118,43
119,26
120,2231
121,20
122,18
123,42
124,27
125,981
126,36
127,26
128,31
129,13
130,9776
131,16
132,20
133,31
134,29
135,855
136,34
137,38
138,43
139,16
140,1997
141,18
142,31
143,37
144,36
145,2683
146,38
147,27
148,32
149,26
150,2130
151,18
152,24
153,30
154,36
155,792
156,22
157,29
158,33
159,21
200,18083
201,16
202,19
203,34
204,28
205,786
206,30
207,37
208,28
209,31
210,1489
211,41
212,33
213,34
214,17
215,2332
216,32
217,35
218,40
219,20
220,1947
221,26
222,32
223,30
224,26
225,817
226,26
227,33
228,34
229,16
230,7738
231,12
232,17
233,28
234,25
235,728
236,26
237,32
238,36
239,23
240,1613
241,22
242,30
243,42
244,25
245,2179
246,24
247,32
248,27
249,18
250,1582
251,17
252,23
253,27
254,21
255,702
256,21
257,32
258,47
259,10
300,13260
301,22
302,26
303,28
304,20
305,592
306,24
307,21
308,44
309,26
310,1123
311,25
312,34
313,20
314,14
315,1708
316,21
317,30
318,42
319,20
320,1473
321,16
322,23
323,39
324,29
325,606
326,24
327,30
328,33
329,18
330,5140
331,21
332,18
333,33
334,16
335,569
336,28
337,27
338,28
339,12
340,1283
341,23
342,25
343,17
344,14
345,1714
346,17
347,26
348,24
349,14
350,1233
351,17
352,27
353,25
354,33
355,492
356,22
357,31
358,32
359,15
400,9185
401,9
402,28
403,19
404,18
405,465
406,20
407,22
408,22
409,25
410,850
411,38
412,19
413,27
414,20
415,1298
416,16
417,24
418,25
419,18
420,1202
421,23
422,29
423,19
424,25
425,511
426,23
427,27
428,22
429,10
430,4384
431,3
432,20
433,20
434,19
435,420
436,24
437,21
438,33
439,13
440,858
441,13
442,16
443,19
444,32
445,1412
446,13
447,22
448,28
449,22
450,1000
451,16
452,25
453,24
454,11
455,377
456,10
457,20
458,22
459,18
500,7952
501,10
502,17
503,23
504,18
505,358
506,21
507,17
508,24
509,30
510,711
511,22
512,24
513,21
514,25
515,1168
516,11
517,18
518,28
519,19
520,984
521,10
522,22
523,17
524,24
525,394
526,20
527,13
528,15
529,11
530,4479
531,7
532,17
533,21
534,14
535,354
536,19
537,20
538,22
539,16
540,910
541,19
542,14
543,9
544,17
545,1455
546,12
547,14
548,18
549,14
550,940
552,15
553,11
554,16
555,375
556,17
557,10
558,24
559,13
600,13050
601,12
602,13
603,12
604,12
605,348
606,9
607,16
608,19
609,7
610,685
611,14
612,25
613,13
614,13
615,1399
616,16
617,14
618,21
619,15
620,977
621,11
622,21
623,21
624,11
625,407
626,6
627,11
628,15
629,7
630,6348
631,12
632,11
633,12
634,6
635,342
636,17
637,14
638,21
639,18
640,1139
641,15
642,16
643,11
644,6
645,2045
646,9
647,20
648,20
649,19
650,1259
651,7
652,21
653,18
654,11
655,455
656,19
657,14
658,16
659,7
700,17369
701,17
702,15
703,23
704,19
705,495
706,23
707,12
708,15
709,13
710,1167
711,22
712,16
713,26
714,21
715,2431
716,23
717,17
718,32
719,15
720,1771
721,15
722,16
723,27
724,20
725,618
726,20
727,18
728,20
729,12
730,10231
731,10
732,6
733,16
734,12
735,656
736,12
737,18
738,18
739,18
740,1737
741,17
742,20
743,26
744,21
745,3244
746,15
747,25
748,28
749,13
750,1967
751,11
752,28
753,19
754,27
755,681
756,15
757,24
758,31
759,8
800,41843
801,17
802,10
803,29
804,19
805,696
806,21
807,24
808,26
809,26
810,1527
811,20
812,39
813,36
814,26
815,2956
816,25
817,29
818,19
819,9
820,2104
821,11
822,35
823,32
824,13
825,788
826,20
827,24
828,25
829,15
830,13244
831,12
832,19
833,23
834,26
835,727
836,26
837,20
838,31
839,13
840,1838
841,19
842,18
843,30
844,20
845,3224
846,30
847,21
848,29
849,18
850,1916
851,20
852,27
853,22
854,26
855,740
856,28
857,26
858,28
859,24
900,31934
901,23
902,25
903,32
904,18
905,728
906,31
907,43
908,32
909,12
910,1522
911,30
912,32
913,35
914,37
915,3177
916,31
917,35
918,28
919,29
920,2145
921,31
922,33
923,38
924,39
925,893
926,37
927,36
928,29
929,27
930,12705
931,16
932,25
933,25
934,30
935,904
936,28
937,37
938,31
939,22
940,2116
941,19
942,29
943,40
944,34
945,3592
946,21
947,45
948,46
949,24
950,2314
951,25
952,48
953,40
954,31
955,874
956,31
957,29
958,35
959,19
1000,35189
1001,39
1002,45
1003,33
1004,43
1005,888
1006,42
1007,47
1008,42
1009,34
1010,1576
1011,40
1012,45
1013,40
1014,37
1015,3727
1016,30
1017,66
1018,60
1019,43
1020,2726
1021,28
1022,54
1023,53
1024,32
1025,1116
1026,44
1027,43
1028,37
1029,25
1030,14494
1031,26
1032,20
1033,42
1034,34
1035,1064
1036,37
1037,49
1038,44
1039,24
1040,2465
1041,36
1042,57
1043,39
1044,44
1045,3915
1046,38
1047,54
1048,61
1049,35
1050,2431
1051,35
1052,49
1053,46
1054,35
1055,1028
1056,38
1057,51
1058,52
1059,20
1100,28356
1101,29
1102,45
1103,34
1104,45
1105,1017
1106,36
1107,39
1108,55
1109,32
1110,1946
1111,51
1112,47
1113,64
1114,44
1115,3707
1116,39
1117,61
1118,57
1119,27
1120,2907
1121,32
1122,65
1123,67
1124,45
1125,1213
1126,56
1127,43
1128,51
1129,29
1130,14209
1131,25
1132,53
1133,42
1134,50
1135,1158
1136,44
1137,48
1138,65
1139,45
1140,2852
1141,32
1142,61
1143,63
1144,36
1145,4577
1146,45
1147,57
1148,69
1149,43
1150,2839
1151,34
1152,58
1153,61
1154,44
1155,1365
1156,46
1157,41
1158,55
1159,90
1200,94889
1201,101
1202,40
1203,53
1204,52
1205,1283
1206,57
1207,54
1208,66
1209,47
1210,2350
1211,44
1212,61
1213,60
1214,45
1215,4212
1216,47
1217,54
1218,82
1219,50
1220,3032
1221,44
1222,56
1223,62
1224,49
1225,1407
1226,63
1227,72
1228,48
1229,49
1230,14414
1231,26
1232,43
1233,40
1234,68
1235,1298
1236,54
1237,60
1238,57
1239,55
1240,2892
1241,46
1242,67
1243,49
1244,63
1245,4622
1246,50
1247,54
1248,61
1249,37
1250,2978
1251,45
1252,60
1253,62
1254,55
1255,1208
1256,49
1257,56
1258,40
1259,33
1300,31246
1301,30
1302,29
1303,29
1304,49
1305,1137
1306,67
1307,51
1308,64
1309,34
1310,2477
1311,37
1312,64
1313,68
1314,37
1315,3982
1316,45
1317,61
1318,56
1319,53
1320,3300
1321,37
1322,41
1323,42
1324,63
1325,1403
1326,56
1327,49
1328,49
1329,24
1330,14638
1331,22
1332,43
1333,63
1334,39
1335,1356
1336,50
1337,56
1338,56
1339,39
1340,3065
1341,26
1342,41
1343,69
1344,54
1345,4497
1346,38
1347,71
1348,71
1349,40
1350,3287
1351,41
1352,54
1353,66
1354,51
1355,1229
1356,48
1357,42
1358,59
1359,38
1400,35335
1401,38
1402,59
1403,52
1404,49
1405,1250
1406,44
1407,75
1408,61
1409,29
1410,2615
1411,35
1412,76
1413,75
1414,67
1415,4327
1416,66
1417,66
1418,64
1419,54
1420,3790
1421,40
1422,61
1423,68
1424,47
1425,1560
1426,59
1427,63
1428,56
1429,37
1430,16706
1431,23
1432,37
1433,51
1434,46
1435,1388
1436,55
1437,58
1438,74
1439,43
1440,3202
1441,43
1442,65
1443,59
1444,49
1445,4641
1446,38
1447,45
1448,69
1449,45
1450,3266
1451,31
1452,59
1453,57
1454,45
1455,1347
1456,55
1457,42
1458,54
1459,33
1500,39983
1501,32
1502,57
1503,57
1504,45
1505,1250
1506,68
1507,79
1508,67
1509,49
1510,2731
1511,50
1512,68
1513,73
1514,45
1515,4704
1516,79
1517,69
1518,72
1519,49
1520,3664
1521,45
1522,63
1523,59
1524,57
1525,1498
1526,43
1527,66
1528,50
1529,28
1530,18544
1531,33
1532,40
1533,59
1534,54
1535,1520
1536,66
1537,50
1538,67
1539,54
1540,3229
1541,35
1542,59
1543,49
1544,51
1545,5017
1546,53
1547,56
1548,58
1549,36
1550,3209
1551,36
1552,45
1553,59
1554,52
1555,1213
1556,53
1557,51
1558,47
1559,33
1600,39956
1601,25
1602,50
1603,47
1604,50
1605,1244
1606,49
1607,65
1608,58
1609,46
1610,2706
1611,43
1612,64
1613,49
1614,58
1615,4206
1616,51
1617,51
1618,72
1619,47
1620,3502
1621,30
1622,62
1623,61
1624,58
1625,1407
1626,47
1627,53
1628,49
1629,29
1630,18557
1631,25
1632,46
1633,41
1634,50
1635,1353
1636,53
1637,55
1638,65
1639,38
1640,3259
1641,33
1642,67
1643,47
1644,44
1645,5194
1646,40
1647,58
1648,60
1649,31
1650,3085
1651,39
1652,37
1653,48
1654,40
1655,1189
1656,36
1657,49
1658,49
1659,32
1700,44698
1701,45
1702,38
1703,38
1704,44
1705,1193
1706,32
1707,52
1708,56
1709,52
1710,2568
1711,48
1712,52
1713,41
1714,50
1715,4575
1716,38
1717,49
1718,55
1719,39
1720,3534
1721,32
1722,62
1723,48
1724,48
1725,1618
1726,48
1727,39
1728,58
1729,24
1730,19800
1731,22
1732,39
1733,44
1734,51
1735,1439
1736,57
1737,35
1738,52
1739,34
1740,3248
1741,32
1742,53
1743,48
1744,42
1745,5283
1746,50
1747,40
1748,51
1749,33
1750,3420
1751,38
1752,48
1753,55
1754,39
1755,1434
1756,44
1757,54
1758,49
1759,37
1800,50813
1801,37
1802,43
1803,43
1804,51
1805,1255
1806,50
1807,37
1808,58
1809,30
1810,2548
1811,46
1812,55
1813,59
1814,48
1815,4569
1816,30
1817,58
1818,66
1819,39
1820,3681
1821,36
1822,68
1823,64
1824,43
1825,1468
1826,46
1827,46
1828,37
1829,24
1830,21132
1831,32
1832,35
1833,32
1834,36
1835,1357
1836,46
1837,56
1838,62
1839,34
1840,3236
1841,28
1842,49
1843,55
1844,51
1845,5347
1846,47
1847,55
1848,53
1849,41
1850,3299
1851,37
1852,39
1853,54
1854,43
1855,1317
1856,34
1857,41
1858,63
1859,37
1900,45244
1901,36
1902,47
1903,52
1904,35
1905,1221
1906,46
1907,50
1908,47
1909,45
1910,2582
1911,42
1912,49
1913,51
1914,56
1915,4657
1916,35
1917,45
1918,65
1919,38
1920,3807
1921,40
1922,52
1923,58
1924,56
1925,1538
1926,48
1927,46
1928,42
1929,30
1930,21052
1931,19
1932,31
1933,40
1934,40
1935,1473
1936,53
1937,52
1938,43
1939,44
1940,3341
1941,29
1942,65
1943,41
1944,25
1945,5394
1946,39
1947,47
1948,54
1949,31
1950,3298
1951,33
1952,37
1953,44
1954,44
1955,1326
1956,42
1957,43
1958,52
1959,26
2000,47510
2001,44
2002,42
2003,37
2004,43
2005,1318
2006,33
2007,39
2008,45
2009,28
2010,2973
2011,91
2012,104
2013,99
2014,77
2015,4686
2016,54
2017,71
2018,66
2019,40
2020,3540
2021,35
2022,47
2023,46
2024,42
2025,1571
2026,34
2027,33
2028,39
2029,28
2030,20805
2031,30
2032,26
2033,46
2034,38
2035,1473
2036,44
2037,41
2038,67
2039,27
2040,3326
2041,23
2042,43
2043,46
2044,39
2045,5087
2046,36
2047,42
2048,56
2049,37
2050,3083
2051,29
2052,38
2053,45
2054,40
2055,1343
2056,47
2057,32
2058,39
2059,35
2100,43598
2101,24
2102,29
2103,34
2104,36
2105,1206
2106,27
2107,41
2108,62
2109,36
2110,2542
2111,63
2112,46
2113,36
2114,37
2115,4324
2116,37
2117,56
2118,39
2119,27
2120,3475
2121,36
2122,43
2123,48
2124,33
2125,1404
2126,24
2127,39
2128,38
2129,22
2130,20687
2131,15
2132,29
2133,39
2134,26
2135,1296
2136,35
2137,40
2138,52
2139,40
2140,3326
2141,34
2142,51
2143,52
2144,33
2145,4917
2146,25
2147,38
2148,43
2149,30
2150,3018
2151,26
2152,39
2153,29
2154,32
2155,1183
2156,48
2157,26
2158,41
2159,27
2200,44651
2201,14
2202,29
2203,33
2204,28
2205,1113
2206,39
2207,38
2208,43
2209,30
2210,2474
2211,30
2212,37
2213,27
2214,35
2215,4008
2216,29
2217,42
2218,47
2219,29
2220,2980
2221,23
2222,44
2223,53
2224,36
2225,1283
2226,31
2227,38
2228,49
2229,19
2230,19674
2231,10
2232,27
2233,30
2234,21
2235,1140
2236,33
2237,28
2238,46
2239,25
2240,2858
2241,17
2242,34
2243,25
2244,22
2245,3957
2246,21
2247,20
2248,38
2249,32
2250,2861
2251,19
2252,28
2253,25
2254,32
2255,1052
2256,32
2257,29
2258,52
2259,30
2300,35234
2301,18
2302,23
2303,25
2304,24
2305,874
2306,31
2307,32
2308,50
2309,27
2310,2070
2311,48
2312,25
2313,35
2314,40
2315,3466
2316,31
2317,37
2318,31
2319,22
2320,2654
2321,19
2322,30
2323,45
2324,31
2325,1066
2326,30
2327,29
2328,33
2329,24
2330,16310
2331,15
2332,22
2333,33
2334,24
2335,1114
2336,19
2337,44
2338,37
2339,18
2340,2702
2341,25
2342,29
2343,33
2344,22
2345,4624
2346,30
2347,17
2348,38
2349,21
2350,3524
2351,22
2352,37
2353,46
2354,28
2355,2634
2356,28
2357,33
2358,42
2359,1141
